datetime,open,high,low,close,volume,dividends,stock_splits,ticker,interval
2026-04-09 09:30:00-04:00,346.0,347.8800048828125,345.9700012207031,346.30999755859375,34253,0.0,0.0,ADI,1m
2026-04-09 09:31:00-04:00,346.3299865722656,346.56500244140625,345.7900085449219,345.8800048828125,4810,0.0,0.0,ADI,1m
2026-04-09 09:32:00-04:00,345.59051513671875,346.92999267578125,345.5639953613281,346.92999267578125,4745,0.0,0.0,ADI,1m
2026-04-09 09:33:00-04:00,346.81500244140625,346.9259948730469,346.6700134277344,346.9259948730469,1412,0.0,0.0,ADI,1m
2026-04-09 09:34:00-04:00,347.06500244140625,347.06500244140625,346.9549865722656,346.9549865722656,1489,0.0,0.0,ADI,1m
2026-04-09 09:35:00-04:00,347.04998779296875,348.489990234375,346.8399963378906,348.1000061035156,12518,0.0,0.0,ADI,1m
2026-04-09 09:36:00-04:00,348.5799865722656,348.5799865722656,348.5799865722656,348.5799865722656,1232,0.0,0.0,ADI,1m
2026-04-09 09:37:00-04:00,349.04998779296875,349.04998779296875,348.3699951171875,348.3699951171875,2597,0.0,0.0,ADI,1m
2026-04-09 09:38:00-04:00,348.4200134277344,348.4200134277344,347.9800109863281,348.1400146484375,3571,0.0,0.0,ADI,1m
2026-04-09 09:39:00-04:00,348.510009765625,348.5150146484375,348.4599914550781,348.510009765625,1563,0.0,0.0,ADI,1m
2026-04-09 09:40:00-04:00,348.5094909667969,348.5199890136719,348.5094909667969,348.5199890136719,1797,0.0,0.0,ADI,1m
2026-04-09 09:41:00-04:00,348.2099914550781,349.04998779296875,348.0899963378906,349.0,5651,0.0,0.0,ADI,1m
2026-04-09 09:42:00-04:00,349.07000732421875,349.07000732421875,348.6300048828125,348.6300048828125,3639,0.0,0.0,ADI,1m
2026-04-09 09:43:00-04:00,348.55999755859375,348.7799987792969,348.3699951171875,348.6099853515625,7360,0.0,0.0,ADI,1m
2026-04-09 09:44:00-04:00,348.1199951171875,348.1199951171875,347.7799987792969,348.0199890136719,3567,0.0,0.0,ADI,1m
2026-04-09 09:45:00-04:00,347.7699890136719,347.7699890136719,346.9599914550781,346.9599914550781,6444,0.0,0.0,ADI,1m
2026-04-09 09:46:00-04:00,347.3900146484375,348.0299987792969,347.31658935546875,347.82000732421875,3844,0.0,0.0,ADI,1m
2026-04-09 09:47:00-04:00,347.8900146484375,347.8999938964844,347.82501220703125,347.8900146484375,1265,0.0,0.0,ADI,1m
2026-04-09 09:48:00-04:00,347.5299987792969,347.8399963378906,347.1300048828125,347.489990234375,4270,0.0,0.0,ADI,1m
2026-04-09 09:49:00-04:00,347.6099853515625,347.8999938964844,347.6099853515625,347.6300048828125,1743,0.0,0.0,ADI,1m
2026-04-09 09:50:00-04:00,347.3599853515625,347.7200012207031,347.3500061035156,347.67498779296875,5653,0.0,0.0,ADI,1m
2026-04-09 09:51:00-04:00,347.6724853515625,347.7300109863281,347.45001220703125,347.6000061035156,4536,0.0,0.0,ADI,1m
2026-04-09 09:52:00-04:00,347.8999938964844,347.9399108886719,347.69000244140625,347.7550048828125,4374,0.0,0.0,ADI,1m
2026-04-09 09:53:00-04:00,348.04998779296875,348.1549987792969,347.8800048828125,348.1549987792969,8271,0.0,0.0,ADI,1m
2026-04-09 09:54:00-04:00,348.260009765625,348.2900085449219,347.8349914550781,347.8550109863281,8940,0.0,0.0,ADI,1m
2026-04-09 09:55:00-04:00,347.8550109863281,347.989990234375,347.6700134277344,347.864990234375,2711,0.0,0.0,ADI,1m
2026-04-09 09:56:00-04:00,348.1099853515625,348.2049865722656,347.9700012207031,348.114990234375,3574,0.0,0.0,ADI,1m
2026-04-09 09:57:00-04:00,348.114990234375,348.260009765625,347.82000732421875,348.010009765625,10026,0.0,0.0,ADI,1m
2026-04-09 09:58:00-04:00,347.739990234375,348.0899963378906,347.69500732421875,347.9800109863281,1902,0.0,0.0,ADI,1m
2026-04-09 09:59:00-04:00,348.1650085449219,348.69000244140625,348.1650085449219,348.69000244140625,9797,0.0,0.0,ADI,1m
2026-04-09 10:00:00-04:00,348.3900146484375,348.69000244140625,348.0899963378906,348.614990234375,3559,0.0,0.0,ADI,1m
2026-04-09 10:01:00-04:00,348.6199951171875,349.4100036621094,348.6199951171875,349.29998779296875,4051,0.0,0.0,ADI,1m
2026-04-09 10:02:00-04:00,349.1099853515625,349.4700012207031,349.1099853515625,349.2749938964844,3445,0.0,0.0,ADI,1m
2026-04-09 10:03:00-04:00,349.2950134277344,349.75,349.1000061035156,349.69500732421875,7461,0.0,0.0,ADI,1m
2026-04-09 10:04:00-04:00,349.69500732421875,349.8699951171875,349.3900146484375,349.539306640625,9795,0.0,0.0,ADI,1m
2026-04-09 10:05:00-04:00,349.3900146484375,349.3900146484375,348.739990234375,348.7900085449219,5951,0.0,0.0,ADI,1m
2026-04-09 10:06:00-04:00,348.4599914550781,348.6099853515625,348.3800048828125,348.6099853515625,6611,0.0,0.0,ADI,1m
2026-04-09 10:07:00-04:00,348.80999755859375,348.8500061035156,348.56500244140625,348.70001220703125,2706,0.0,0.0,ADI,1m
2026-04-09 10:08:00-04:00,348.6000061035156,348.7900085449219,348.5950012207031,348.5950012207031,1394,0.0,0.0,ADI,1m
2026-04-09 10:09:00-04:00,348.7900085449219,348.8599853515625,348.1400146484375,348.1400146484375,12466,0.0,0.0,ADI,1m
2026-04-09 10:10:00-04:00,348.1449890136719,348.2200012207031,348.125,348.15008544921875,2996,0.0,0.0,ADI,1m
2026-04-09 10:11:00-04:00,348.2099914550781,348.2099914550781,348.135009765625,348.135009765625,980,0.0,0.0,ADI,1m
2026-04-09 10:12:00-04:00,348.1000061035156,348.5,348.0950012207031,348.3550109863281,5770,0.0,0.0,ADI,1m
2026-04-09 10:13:00-04:00,348.17999267578125,348.17999267578125,347.8299865722656,348.0050048828125,6276,0.0,0.0,ADI,1m
2026-04-09 10:14:00-04:00,348.2200012207031,348.25,348.2200012207031,348.25,964,0.0,0.0,ADI,1m
2026-04-09 10:15:00-04:00,347.9800109863281,347.9800109863281,347.6499938964844,347.7449951171875,3015,0.0,0.0,ADI,1m
2026-04-09 10:16:00-04:00,347.510009765625,347.7099914550781,347.3999938964844,347.5899963378906,3651,0.0,0.0,ADI,1m
2026-04-09 10:17:00-04:00,347.42498779296875,347.6600036621094,347.42498779296875,347.45001220703125,1139,0.0,0.0,ADI,1m
2026-04-09 10:18:00-04:00,347.5799865722656,347.7099914550781,347.5150146484375,347.54998779296875,2465,0.0,0.0,ADI,1m
2026-04-09 10:19:00-04:00,347.45001220703125,347.760009765625,347.45001220703125,347.760009765625,2686,0.0,0.0,ADI,1m
2026-04-09 10:20:00-04:00,347.8999938964844,348.17999267578125,347.8900146484375,348.06500244140625,3584,0.0,0.0,ADI,1m
2026-04-09 10:21:00-04:00,348.06500244140625,348.1000061035156,347.7950134277344,347.7950134277344,6891,0.0,0.0,ADI,1m
2026-04-09 10:22:00-04:00,347.7950134277344,347.7950134277344,347.7950134277344,347.7950134277344,782,0.0,0.0,ADI,1m
2026-04-09 10:23:00-04:00,348.1499938964844,348.8399963378906,348.1499938964844,348.8399963378906,4670,0.0,0.0,ADI,1m
2026-04-09 10:24:00-04:00,348.6199951171875,348.8900146484375,348.6199951171875,348.885009765625,2973,0.0,0.0,ADI,1m
2026-04-09 10:25:00-04:00,348.885009765625,348.885009765625,348.4700012207031,348.4800109863281,3676,0.0,0.0,ADI,1m
2026-04-09 10:26:00-04:00,348.57501220703125,348.6600036621094,348.4200134277344,348.4200134277344,2850,0.0,0.0,ADI,1m
2026-04-09 10:27:00-04:00,348.19000244140625,348.19500732421875,348.17498779296875,348.17498779296875,1172,0.0,0.0,ADI,1m
2026-04-09 10:28:00-04:00,348.2449951171875,348.6567077636719,348.2250061035156,348.2250061035156,4245,0.0,0.0,ADI,1m
2026-04-09 10:29:00-04:00,348.3399963378906,348.3399963378906,348.3399963378906,348.3399963378906,675,0.0,0.0,ADI,1m
2026-04-09 10:30:00-04:00,348.3450012207031,348.6400146484375,348.3399963378906,348.43499755859375,2017,0.0,0.0,ADI,1m
2026-04-09 10:31:00-04:00,348.43499755859375,348.54998779296875,348.2900085449219,348.375,1675,0.0,0.0,ADI,1m
2026-04-09 10:32:00-04:00,348.375,348.375,348.19000244140625,348.25250244140625,2408,0.0,0.0,ADI,1m
2026-04-09 10:33:00-04:00,348.239990234375,348.5400085449219,348.1900939941406,348.5400085449219,1725,0.0,0.0,ADI,1m
2026-04-09 10:34:00-04:00,348.5899963378906,348.69000244140625,348.2799987792969,348.67999267578125,9969,0.0,0.0,ADI,1m
2026-04-09 10:35:00-04:00,348.5150146484375,348.5899963378906,348.3399963378906,348.5799865722656,5160,0.0,0.0,ADI,1m
2026-04-09 10:36:00-04:00,348.489990234375,348.489990234375,347.8500061035156,348.30999755859375,7015,0.0,0.0,ADI,1m
2026-04-09 10:37:00-04:00,348.1000061035156,348.5,347.8999938964844,348.3699951171875,3903,0.0,0.0,ADI,1m
2026-04-09 10:38:00-04:00,348.3699951171875,348.3699951171875,347.6199951171875,347.7250061035156,4938,0.0,0.0,ADI,1m
2026-04-09 10:39:00-04:00,348.2099914550781,348.260009765625,348.2099914550781,348.260009765625,757,0.0,0.0,ADI,1m
2026-04-09 10:40:00-04:00,348.1099853515625,348.1499938964844,347.8999938964844,347.9100036621094,2231,0.0,0.0,ADI,1m
2026-04-09 10:41:00-04:00,347.82501220703125,347.82501220703125,347.82501220703125,347.82501220703125,1808,0.0,0.0,ADI,1m
2026-04-09 10:42:00-04:00,347.7850036621094,348.385009765625,347.57000732421875,348.30499267578125,22023,0.0,0.0,ADI,1m
2026-04-09 10:43:00-04:00,348.29998779296875,348.3900146484375,348.2149963378906,348.30999755859375,5295,0.0,0.0,ADI,1m
2026-04-09 10:44:00-04:00,348.2950134277344,348.2950134277344,348.1000061035156,348.1000061035156,4234,0.0,0.0,ADI,1m
2026-04-09 10:45:00-04:00,347.9549865722656,348.1099853515625,347.9549865722656,348.1099853515625,1859,0.0,0.0,ADI,1m
2026-04-09 10:46:00-04:00,348.2699890136719,348.2699890136719,348.1000061035156,348.2099914550781,2306,0.0,0.0,ADI,1m
2026-04-09 10:48:00-04:00,348.5,348.5,348.5,348.5,870,0.0,0.0,ADI,1m
2026-04-09 10:49:00-04:00,348.4150085449219,348.8299865722656,348.4150085449219,348.8299865722656,5070,0.0,0.0,ADI,1m
2026-04-09 10:50:00-04:00,348.8450012207031,349.1000061035156,348.8450012207031,348.8800048828125,7508,0.0,0.0,ADI,1m
2026-04-09 10:51:00-04:00,348.8800048828125,348.94000244140625,348.55999755859375,348.79998779296875,5799,0.0,0.0,ADI,1m
2026-04-09 10:52:00-04:00,348.54998779296875,349.1199951171875,348.54998779296875,348.8699951171875,2585,0.0,0.0,ADI,1m
2026-04-09 10:53:00-04:00,348.989990234375,349.3699951171875,348.9849853515625,349.3699951171875,4429,0.0,0.0,ADI,1m
2026-04-09 10:54:00-04:00,349.18499755859375,349.18499755859375,349.18499755859375,349.18499755859375,373,0.0,0.0,ADI,1m
2026-04-09 10:55:00-04:00,349.3699951171875,349.5249938964844,349.2099914550781,349.4599914550781,1832,0.0,0.0,ADI,1m
2026-04-09 10:56:00-04:00,349.3800048828125,349.45001220703125,348.92999267578125,348.92999267578125,6638,0.0,0.0,ADI,1m
2026-04-09 10:57:00-04:00,349.0199890136719,349.1099853515625,348.82000732421875,349.1099853515625,3469,0.0,0.0,ADI,1m
2026-04-09 10:58:00-04:00,348.9353942871094,349.260009765625,348.9353942871094,349.0625,2839,0.0,0.0,ADI,1m
2026-04-09 10:59:00-04:00,349.0350036621094,349.260009765625,349.0350036621094,349.25,2270,0.0,0.0,ADI,1m
2026-04-09 11:00:00-04:00,349.0400085449219,349.260009765625,348.9637145996094,349.260009765625,4901,0.0,0.0,ADI,1m
2026-04-09 11:01:00-04:00,349.3699951171875,349.4800109863281,349.1300048828125,349.4800109863281,8374,0.0,0.0,ADI,1m
2026-04-09 11:02:00-04:00,349.32000732421875,349.5799865722656,349.0799865722656,349.57000732421875,8303,0.0,0.0,ADI,1m
2026-04-09 11:03:00-04:00,349.3299865722656,349.57000732421875,349.31500244140625,349.3299865722656,2192,0.0,0.0,ADI,1m
2026-04-09 11:04:00-04:00,349.3299865722656,349.3299865722656,349.0450134277344,349.1600036621094,3543,0.0,0.0,ADI,1m
2026-04-09 11:05:00-04:00,349.1449890136719,349.45001220703125,349.1449890136719,349.45001220703125,3663,0.0,0.0,ADI,1m
2026-04-09 11:06:00-04:00,349.06500244140625,349.30999755859375,349.06500244140625,349.1449890136719,4228,0.0,0.0,ADI,1m
2026-04-09 11:07:00-04:00,349.17999267578125,349.17999267578125,348.760009765625,348.8999938964844,4732,0.0,0.0,ADI,1m
2026-04-09 11:08:00-04:00,348.6449890136719,348.8399963378906,348.6449890136719,348.8399963378906,718,0.0,0.0,ADI,1m
2026-04-09 11:09:00-04:00,348.75,348.9100036621094,348.57501220703125,348.7149963378906,1660,0.0,0.0,ADI,1m
2026-04-09 11:10:00-04:00,348.6650085449219,349.07000732421875,348.6650085449219,349.0697937011719,5602,0.0,0.0,ADI,1m
2026-04-09 11:11:00-04:00,348.8349914550781,348.8349914550781,348.8349914550781,348.8349914550781,3919,0.0,0.0,ADI,1m
2026-04-09 11:12:00-04:00,348.8599853515625,349.0799865722656,348.6542053222656,348.92999267578125,3210,0.0,0.0,ADI,1m
2026-04-09 11:13:00-04:00,349.0899963378906,349.1000061035156,348.7900085449219,348.7900085449219,2781,0.0,0.0,ADI,1m
2026-04-09 11:14:00-04:00,349.1000061035156,349.489990234375,348.9700927734375,349.489990234375,6985,0.0,0.0,ADI,1m
2026-04-09 11:15:00-04:00,349.385009765625,349.4800109863281,349.0799865722656,349.18499755859375,5754,0.0,0.0,ADI,1m
2026-04-09 11:16:00-04:00,349.17999267578125,349.3699951171875,348.45001220703125,348.45001220703125,2865,0.0,0.0,ADI,1m
2026-04-09 11:17:00-04:00,348.5400085449219,348.9599914550781,348.375,348.9599914550781,9403,0.0,0.0,ADI,1m
2026-04-09 11:18:00-04:00,348.9800109863281,349.1499938964844,348.9700012207031,349.1499938964844,2106,0.0,0.0,ADI,1m
2026-04-09 11:19:00-04:00,349.135009765625,349.3900146484375,349.135009765625,349.2749938964844,7763,0.0,0.0,ADI,1m
2026-04-09 11:20:00-04:00,349.44000244140625,349.57000732421875,349.2449951171875,349.57000732421875,7281,0.0,0.0,ADI,1m
2026-04-09 11:21:00-04:00,349.54998779296875,349.7049865722656,349.54998779296875,349.7049865722656,2329,0.0,0.0,ADI,1m
2026-04-09 11:22:00-04:00,349.80999755859375,349.80999755859375,349.7300109863281,349.7300109863281,653,0.0,0.0,ADI,1m
2026-04-09 11:23:00-04:00,349.68499755859375,349.68499755859375,349.4049987792969,349.4049987792969,2034,0.0,0.0,ADI,1m
2026-04-09 11:24:00-04:00,349.6199951171875,349.7900085449219,349.6199951171875,349.7900085449219,3456,0.0,0.0,ADI,1m
2026-04-09 11:25:00-04:00,349.40008544921875,349.79998779296875,349.40008544921875,349.7799987792969,2343,0.0,0.0,ADI,1m
2026-04-09 11:26:00-04:00,349.635009765625,349.635009765625,349.239990234375,349.239990234375,2683,0.0,0.0,ADI,1m
2026-04-09 11:27:00-04:00,349.17999267578125,349.32000732421875,349.0,349.0799865722656,4953,0.0,0.0,ADI,1m
2026-04-09 11:28:00-04:00,349.0199890136719,349.6199951171875,349.0199890136719,349.5285949707031,14324,0.0,0.0,ADI,1m
2026-04-09 11:29:00-04:00,349.42999267578125,349.42999267578125,349.3800048828125,349.3800048828125,2309,0.0,0.0,ADI,1m
2026-04-09 11:30:00-04:00,349.4726867675781,349.4726867675781,349.4150085449219,349.4150085449219,267,0.0,0.0,ADI,1m
2026-04-09 11:31:00-04:00,349.5799865722656,349.6300048828125,349.489990234375,349.6300048828125,2677,0.0,0.0,ADI,1m
2026-04-09 11:32:00-04:00,349.6400146484375,350.75,349.6400146484375,350.510009765625,14442,0.0,0.0,ADI,1m
2026-04-09 11:33:00-04:00,350.510009765625,350.9800109863281,350.29998779296875,350.67999267578125,6778,0.0,0.0,ADI,1m
2026-04-09 11:34:00-04:00,350.5150146484375,350.5150146484375,350.239990234375,350.3999938964844,2065,0.0,0.0,ADI,1m
2026-04-09 11:35:00-04:00,350.3550109863281,350.3550109863281,350.19000244140625,350.19000244140625,1680,0.0,0.0,ADI,1m
2026-04-09 11:36:00-04:00,350.2550048828125,350.760009765625,350.1700134277344,350.1700134277344,8461,0.0,0.0,ADI,1m
2026-04-09 11:37:00-04:00,350.2850036621094,350.29998779296875,350.04998779296875,350.29998779296875,3232,0.0,0.0,ADI,1m
2026-04-09 11:38:00-04:00,350.0199890136719,350.0199890136719,349.5899963378906,349.6300048828125,4334,0.0,0.0,ADI,1m
2026-04-09 11:40:00-04:00,349.614990234375,350.010009765625,349.614990234375,350.010009765625,3011,0.0,0.0,ADI,1m
2026-04-09 11:41:00-04:00,350.010009765625,350.05999755859375,350.010009765625,350.05499267578125,1192,0.0,0.0,ADI,1m
2026-04-09 11:42:00-04:00,350.04998779296875,350.19000244140625,350.04998779296875,350.17999267578125,6158,0.0,0.0,ADI,1m
2026-04-09 11:43:00-04:00,350.0899963378906,350.2300109863281,350.0799865722656,350.0799865722656,1839,0.0,0.0,ADI,1m
2026-04-09 11:44:00-04:00,349.9549865722656,350.0425109863281,349.79998779296875,349.8299865722656,5183,0.0,0.0,ADI,1m
2026-04-09 11:45:00-04:00,349.864990234375,349.9100036621094,349.5299987792969,349.6400146484375,9351,0.0,0.0,ADI,1m
2026-04-09 11:46:00-04:00,349.625,349.9800109863281,349.5199890136719,349.9800109863281,4964,0.0,0.0,ADI,1m
2026-04-09 11:47:00-04:00,349.9800109863281,349.9800109863281,349.7799987792969,349.94000244140625,3827,0.0,0.0,ADI,1m
2026-04-09 11:48:00-04:00,350.25,350.489990234375,350.25,350.44000244140625,7743,0.0,0.0,ADI,1m
2026-04-09 11:49:00-04:00,350.4549865722656,350.70001220703125,350.2799987792969,350.2799987792969,10742,0.0,0.0,ADI,1m
2026-04-09 11:50:00-04:00,350.17999267578125,350.4599914550781,350.1600036621094,350.2799987792969,3613,0.0,0.0,ADI,1m
2026-04-09 11:51:00-04:00,350.5,350.67999267578125,350.3450012207031,350.67999267578125,9370,0.0,0.0,ADI,1m
2026-04-09 11:52:00-04:00,350.5450134277344,350.5899963378906,350.5450134277344,350.5849914550781,1056,0.0,0.0,ADI,1m
2026-04-09 11:53:00-04:00,350.6499938964844,350.7300109863281,350.55999755859375,350.55999755859375,1041,0.0,0.0,ADI,1m
2026-04-09 11:54:00-04:00,350.6449890136719,350.7200012207031,350.5400085449219,350.6050109863281,4178,0.0,0.0,ADI,1m
2026-04-09 11:55:00-04:00,350.5299987792969,350.6700134277344,350.32501220703125,350.3349914550781,3143,0.0,0.0,ADI,1m
2026-04-09 11:56:00-04:00,350.3900146484375,350.5299987792969,350.3900146484375,350.5299987792969,1886,0.0,0.0,ADI,1m
2026-04-09 11:57:00-04:00,350.6600036621094,350.6600036621094,350.42999267578125,350.42999267578125,1684,0.0,0.0,ADI,1m
2026-04-09 11:58:00-04:00,350.5450134277344,350.82000732421875,350.5450134277344,350.7200012207031,3921,0.0,0.0,ADI,1m
2026-04-09 11:59:00-04:00,350.7799987792969,350.8599853515625,350.739990234375,350.8599853515625,4242,0.0,0.0,ADI,1m
2026-04-09 12:00:00-04:00,350.8699951171875,351.010009765625,350.8500061035156,350.8500061035156,4269,0.0,0.0,ADI,1m
2026-04-09 12:01:00-04:00,350.92498779296875,351.2449951171875,350.92498779296875,351.2449951171875,4637,0.0,0.0,ADI,1m
2026-04-09 12:02:00-04:00,351.1600036621094,351.4200134277344,351.1600036621094,351.364990234375,11967,0.0,0.0,ADI,1m
2026-04-09 12:03:00-04:00,351.4800109863281,351.8500061035156,351.4800109863281,351.64990234375,5291,0.0,0.0,ADI,1m
2026-04-09 12:04:00-04:00,351.4549865722656,351.4549865722656,350.9150085449219,351.0400085449219,6879,0.0,0.0,ADI,1m
2026-04-09 12:05:00-04:00,350.9200134277344,350.92999267578125,350.9200134277344,350.92999267578125,869,0.0,0.0,ADI,1m
2026-04-09 12:06:00-04:00,351.07000732421875,351.07000732421875,350.92999267578125,351.0400085449219,2126,0.0,0.0,ADI,1m
2026-04-09 12:07:00-04:00,350.95001220703125,351.0400085449219,350.95001220703125,351.0400085449219,4854,0.0,0.0,ADI,1m
2026-04-09 12:09:00-04:00,350.989990234375,350.989990234375,350.739990234375,350.7699890136719,4203,0.0,0.0,ADI,1m
2026-04-09 12:10:00-04:00,350.6700134277344,350.8299865722656,350.6700134277344,350.8299865722656,1600,0.0,0.0,ADI,1m
2026-04-09 12:11:00-04:00,350.885009765625,350.885009765625,350.885009765625,350.885009765625,581,0.0,0.0,ADI,1m
2026-04-09 12:12:00-04:00,351.0199890136719,351.1400146484375,350.9599914550781,351.0150146484375,5002,0.0,0.0,ADI,1m
2026-04-09 12:13:00-04:00,351.0299987792969,351.04998779296875,350.82000732421875,350.864990234375,4620,0.0,0.0,ADI,1m
2026-04-09 12:14:00-04:00,350.8500061035156,350.8500061035156,350.8500061035156,350.8500061035156,1293,0.0,0.0,ADI,1m
2026-04-09 12:15:00-04:00,350.8900146484375,351.05999755859375,350.8900146484375,351.05999755859375,2017,0.0,0.0,ADI,1m
2026-04-09 12:16:00-04:00,351.07000732421875,351.260009765625,351.0450134277344,351.260009765625,3567,0.0,0.0,ADI,1m
2026-04-09 12:17:00-04:00,351.17010498046875,351.2449951171875,351.17010498046875,351.2449951171875,1953,0.0,0.0,ADI,1m
2026-04-09 12:18:00-04:00,351.3500061035156,351.3599853515625,351.3500061035156,351.3599853515625,1407,0.0,0.0,ADI,1m
2026-04-09 12:19:00-04:00,351.3599853515625,351.4800109863281,351.3599853515625,351.4800109863281,1676,0.0,0.0,ADI,1m
2026-04-09 12:20:00-04:00,351.375,351.375,351.2200012207031,351.3475036621094,4234,0.0,0.0,ADI,1m
2026-04-09 12:21:00-04:00,351.2200012207031,351.2200012207031,350.9700012207031,351.04998779296875,3655,0.0,0.0,ADI,1m
2026-04-09 12:22:00-04:00,351.125,351.2200012207031,351.125,351.1449890136719,2157,0.0,0.0,ADI,1m
2026-04-09 12:23:00-04:00,351.2900085449219,351.31500244140625,351.2850036621094,351.2850036621094,3137,0.0,0.0,ADI,1m
2026-04-09 12:24:00-04:00,351.2799987792969,351.2799987792969,351.2749938964844,351.2749938964844,1405,0.0,0.0,ADI,1m
2026-04-09 12:25:00-04:00,351.1199951171875,351.1700134277344,351.1199951171875,351.1700134277344,1158,0.0,0.0,ADI,1m
2026-04-09 12:26:00-04:00,351.2300109863281,351.25,351.114990234375,351.25,2731,0.0,0.0,ADI,1m
2026-04-09 12:27:00-04:00,351.2550048828125,351.2550048828125,351.2550048828125,351.2550048828125,371,0.0,0.0,ADI,1m
2026-04-09 12:28:00-04:00,351.2699890136719,351.3999938964844,351.2699890136719,351.3999938964844,1024,0.0,0.0,ADI,1m
2026-04-09 12:29:00-04:00,351.3900146484375,351.3900146484375,351.20001220703125,351.20001220703125,1124,0.0,0.0,ADI,1m
2026-04-09 12:30:00-04:00,351.19500732421875,351.19500732421875,351.19500732421875,351.19500732421875,912,0.0,0.0,ADI,1m
2026-04-09 12:31:00-04:00,351.3599853515625,351.3699951171875,351.3599853515625,351.3699951171875,1731,0.0,0.0,ADI,1m
2026-04-09 12:32:00-04:00,351.2099914550781,351.2099914550781,351.0400085449219,351.0400085449219,2354,0.0,0.0,ADI,1m
2026-04-09 12:33:00-04:00,351.0799865722656,351.25,351.0799865722656,351.17999267578125,1936,0.0,0.0,ADI,1m
2026-04-09 12:34:00-04:00,351.30999755859375,351.3800048828125,351.30999755859375,351.3800048828125,2748,0.0,0.0,ADI,1m
2026-04-09 12:35:00-04:00,351.239990234375,351.239990234375,351.2200012207031,351.2200012207031,1563,0.0,0.0,ADI,1m
2026-04-09 12:36:00-04:00,351.1099853515625,351.3999938964844,351.1099853515625,351.3999938964844,3560,0.0,0.0,ADI,1m
2026-04-09 12:37:00-04:00,351.3699951171875,351.45001220703125,351.30499267578125,351.45001220703125,2072,0.0,0.0,ADI,1m
2026-04-09 12:38:00-04:00,351.2950134277344,351.2950134277344,351.19000244140625,351.2950134277344,2398,0.0,0.0,ADI,1m
2026-04-09 12:39:00-04:00,351.0,351.0400085449219,351.0,351.0400085449219,1353,0.0,0.0,ADI,1m
2026-04-09 12:40:00-04:00,351.17999267578125,351.20001220703125,351.0400085449219,351.20001220703125,2561,0.0,0.0,ADI,1m
2026-04-09 12:41:00-04:00,351.1875915527344,351.20001220703125,351.1000061035156,351.20001220703125,2890,0.0,0.0,ADI,1m
2026-04-09 12:42:00-04:00,351.239990234375,351.3299865722656,351.2200012207031,351.3299865722656,2725,0.0,0.0,ADI,1m
2026-04-09 12:43:00-04:00,351.3251037597656,351.3699951171875,351.3251037597656,351.3699951171875,959,0.0,0.0,ADI,1m
2026-04-09 12:44:00-04:00,351.30499267578125,351.7900085449219,351.30499267578125,351.7799987792969,20242,0.0,0.0,ADI,1m
2026-04-09 12:45:00-04:00,351.6449890136719,351.6449890136719,351.364990234375,351.364990234375,5465,0.0,0.0,ADI,1m
2026-04-09 12:46:00-04:00,351.4700012207031,351.4700012207031,351.4700012207031,351.4700012207031,1417,0.0,0.0,ADI,1m
2026-04-09 12:47:00-04:00,351.2200012207031,351.44000244140625,351.2200012207031,351.2699890136719,2569,0.0,0.0,ADI,1m
2026-04-09 12:48:00-04:00,351.0400085449219,351.0400085449219,350.9100036621094,350.9100036621094,1587,0.0,0.0,ADI,1m
2026-04-09 12:49:00-04:00,350.81500244140625,350.81500244140625,350.81500244140625,350.81500244140625,2317,0.0,0.0,ADI,1m
2026-04-09 12:50:00-04:00,350.80999755859375,351.0,350.80999755859375,351.0,1536,0.0,0.0,ADI,1m
2026-04-09 12:51:00-04:00,351.0950012207031,351.20001220703125,351.0350036621094,351.20001220703125,1838,0.0,0.0,ADI,1m
2026-04-09 12:52:00-04:00,351.1700134277344,351.44000244140625,351.1700134277344,351.44000244140625,2117,0.0,0.0,ADI,1m
2026-04-09 12:53:00-04:00,351.2950134277344,351.4100036621094,351.2950134277344,351.3550109863281,3356,0.0,0.0,ADI,1m
2026-04-09 12:55:00-04:00,351.0799865722656,351.2300109863281,351.0799865722656,351.2300109863281,1408,0.0,0.0,ADI,1m
2026-04-09 12:56:00-04:00,351.18499755859375,351.18499755859375,350.9266052246094,351.07501220703125,2068,0.0,0.0,ADI,1m
2026-04-09 12:57:00-04:00,350.8599853515625,350.8599853515625,350.8599853515625,350.8599853515625,1150,0.0,0.0,ADI,1m
2026-04-09 12:58:00-04:00,350.9200134277344,351.2699890136719,350.9200134277344,351.19500732421875,5656,0.0,0.0,ADI,1m
2026-04-09 13:00:00-04:00,351.29998779296875,351.364990234375,351.1300048828125,351.364990234375,7701,0.0,0.0,ADI,1m
2026-04-09 13:01:00-04:00,351.1242980957031,351.42999267578125,351.1242980957031,351.4100036621094,3449,0.0,0.0,ADI,1m
2026-04-09 13:02:00-04:00,351.2749938964844,351.2749938964844,351.1300048828125,351.17498779296875,3365,0.0,0.0,ADI,1m
2026-04-09 13:03:00-04:00,351.2799987792969,351.43499755859375,351.2799987792969,351.3699951171875,1923,0.0,0.0,ADI,1m
2026-04-09 13:04:00-04:00,351.510009765625,351.5400085449219,351.510009765625,351.5299987792969,1526,0.0,0.0,ADI,1m
2026-04-09 13:05:00-04:00,351.3500061035156,351.7300109863281,351.3500061035156,351.7300109863281,2522,0.0,0.0,ADI,1m
2026-04-09 13:06:00-04:00,351.80999755859375,352.0199890136719,351.80999755859375,352.0,6357,0.0,0.0,ADI,1m
2026-04-09 13:07:00-04:00,351.9599914550781,351.9599914550781,351.9599914550781,351.9599914550781,488,0.0,0.0,ADI,1m
2026-04-09 13:08:00-04:00,352.010009765625,352.2300109863281,352.010009765625,352.0400085449219,2943,0.0,0.0,ADI,1m
2026-04-09 13:09:00-04:00,352.1000061035156,352.25,351.8599853515625,352.1910095214844,10261,0.0,0.0,ADI,1m
2026-04-09 13:10:00-04:00,352.2200012207031,352.2300109863281,351.9100036621094,352.05999755859375,6104,0.0,0.0,ADI,1m
2026-04-09 13:11:00-04:00,352.21990966796875,352.2200012207031,352.05999755859375,352.2200012207031,3206,0.0,0.0,ADI,1m
2026-04-09 13:12:00-04:00,352.25,352.25,352.0899963378906,352.1099853515625,2212,0.0,0.0,ADI,1m
2026-04-09 13:13:00-04:00,352.12249755859375,352.25,352.010009765625,352.20001220703125,3253,0.0,0.0,ADI,1m
2026-04-09 13:14:00-04:00,352.2355041503906,352.2355041503906,352.2355041503906,352.2355041503906,510,0.0,0.0,ADI,1m
2026-04-09 13:15:00-04:00,352.0199890136719,352.0199890136719,352.010009765625,352.010009765625,1862,0.0,0.0,ADI,1m
2026-04-09 13:16:00-04:00,352.2799987792969,352.2799987792969,352.1549987792969,352.1549987792969,1185,0.0,0.0,ADI,1m
2026-04-09 13:17:00-04:00,352.04998779296875,352.04998779296875,352.04998779296875,352.04998779296875,513,0.0,0.0,ADI,1m
2026-04-09 13:18:00-04:00,352.1499938964844,352.2900085449219,352.1499938964844,352.2900085449219,2929,0.0,0.0,ADI,1m
2026-04-09 13:19:00-04:00,352.2900085449219,352.3699951171875,352.1000061035156,352.2799987792969,2972,0.0,0.0,ADI,1m
2026-04-09 13:20:00-04:00,352.2799987792969,352.2799987792969,352.1000061035156,352.25,3747,0.0,0.0,ADI,1m
2026-04-09 13:21:00-04:00,352.25,352.25,352.239990234375,352.239990234375,1993,0.0,0.0,ADI,1m
2026-04-09 13:22:00-04:00,352.2349853515625,352.3900146484375,352.2300109863281,352.2300109863281,4683,0.0,0.0,ADI,1m
2026-04-09 13:23:00-04:00,352.1099853515625,352.1099853515625,352.1099853515625,352.1099853515625,151,0.0,0.0,ADI,1m
2026-04-09 13:24:00-04:00,352.1099853515625,352.1199951171875,352.05499267578125,352.1199951171875,2378,0.0,0.0,ADI,1m
2026-04-09 13:25:00-04:00,352.0199890136719,352.2300109863281,351.989990234375,352.05999755859375,2726,0.0,0.0,ADI,1m
2026-04-09 13:26:00-04:00,352.0299987792969,352.1600036621094,352.0299987792969,352.13250732421875,2445,0.0,0.0,ADI,1m
2026-04-09 13:27:00-04:00,352.2099914550781,352.2099914550781,352.0950012207031,352.0950012207031,2213,0.0,0.0,ADI,1m
2026-04-09 13:28:00-04:00,352.2200012207031,352.260009765625,352.2200012207031,352.260009765625,1850,0.0,0.0,ADI,1m
2026-04-09 13:29:00-04:00,352.1549987792969,352.20001220703125,352.1099853515625,352.1099853515625,2099,0.0,0.0,ADI,1m
2026-04-09 13:30:00-04:00,352.0799865722656,352.3399963378906,351.8599853515625,352.3299865722656,14435,0.0,0.0,ADI,1m
2026-04-09 13:31:00-04:00,352.17999267578125,352.2900085449219,352.1700134277344,352.2900085449219,1466,0.0,0.0,ADI,1m
2026-04-09 13:32:00-04:00,352.29998779296875,352.3699951171875,352.29998779296875,352.3699951171875,2449,0.0,0.0,ADI,1m
2026-04-09 13:34:00-04:00,352.4800109863281,352.489990234375,352.385009765625,352.4700012207031,1730,0.0,0.0,ADI,1m
2026-04-09 13:35:00-04:00,352.4599914550781,352.4800109863281,352.3800048828125,352.4800109863281,2903,0.0,0.0,ADI,1m
2026-04-09 13:37:00-04:00,352.6499938964844,352.6600036621094,352.57000732421875,352.6600036621094,1694,0.0,0.0,ADI,1m
2026-04-09 13:38:00-04:00,352.510009765625,352.6600036621094,352.45001220703125,352.45001220703125,2623,0.0,0.0,ADI,1m
2026-04-09 13:39:00-04:00,352.54998779296875,352.54998779296875,352.54998779296875,352.54998779296875,1367,0.0,0.0,ADI,1m
2026-04-09 13:40:00-04:00,352.5050048828125,352.6058044433594,352.360107421875,352.6058044433594,1919,0.0,0.0,ADI,1m
2026-04-09 13:41:00-04:00,352.45001220703125,352.45001220703125,352.29998779296875,352.29998779296875,2274,0.0,0.0,ADI,1m
2026-04-09 13:42:00-04:00,352.239990234375,352.239990234375,352.2200012207031,352.2200012207031,1825,0.0,0.0,ADI,1m
2026-04-09 13:43:00-04:00,352.25,352.3299865722656,352.19500732421875,352.2149963378906,3126,0.0,0.0,ADI,1m
2026-04-09 13:44:00-04:00,352.17999267578125,352.17999267578125,352.0,352.06500244140625,2287,0.0,0.0,ADI,1m
2026-04-09 13:45:00-04:00,352.04998779296875,352.04998779296875,352.0199890136719,352.0199890136719,2167,0.0,0.0,ADI,1m
2026-04-09 13:46:00-04:00,352.0199890136719,352.3599853515625,352.0199890136719,352.3599853515625,4983,0.0,0.0,ADI,1m
2026-04-09 13:48:00-04:00,352.16339111328125,352.3299865722656,352.135009765625,352.2250061035156,3719,0.0,0.0,ADI,1m
2026-04-09 13:50:00-04:00,352.1199951171875,352.1199951171875,352.1099853515625,352.1099853515625,1379,0.0,0.0,ADI,1m
2026-04-09 13:51:00-04:00,352.1099853515625,352.42999267578125,351.9599914550781,352.32000732421875,17574,0.0,0.0,ADI,1m
2026-04-09 13:54:00-04:00,352.4800109863281,352.5299987792969,352.4800109863281,352.489990234375,1331,0.0,0.0,ADI,1m
2026-04-09 13:55:00-04:00,352.42498779296875,352.7799987792969,352.42498779296875,352.7799987792969,4355,0.0,0.0,ADI,1m
2026-04-09 13:56:00-04:00,352.70001220703125,352.7699890136719,352.70001220703125,352.7699890136719,1234,0.0,0.0,ADI,1m
2026-04-09 13:57:00-04:00,352.75,352.75,352.75,352.75,803,0.0,0.0,ADI,1m
2026-04-09 13:58:00-04:00,352.5899963378906,352.5899963378906,352.5899963378906,352.5899963378906,751,0.0,0.0,ADI,1m
2026-04-09 13:59:00-04:00,352.5899963378906,352.5899963378906,352.5899963378906,352.5899963378906,1094,0.0,0.0,ADI,1m
2026-04-09 14:00:00-04:00,352.5899963378906,352.5899963378906,352.3699951171875,352.4700012207031,2787,0.0,0.0,ADI,1m
2026-04-09 14:01:00-04:00,352.5,352.5,352.20001220703125,352.2799987792969,2968,0.0,0.0,ADI,1m
2026-04-09 14:02:00-04:00,352.06500244140625,352.0799865722656,351.9100036621094,351.9150085449219,8520,0.0,0.0,ADI,1m
2026-04-09 14:03:00-04:00,352.07000732421875,352.1400146484375,351.6300048828125,351.69000244140625,27453,0.0,0.0,ADI,1m
2026-04-09 14:04:00-04:00,351.6400146484375,351.6400146484375,351.04998779296875,351.3399963378906,18518,0.0,0.0,ADI,1m
2026-04-09 14:05:00-04:00,351.5899963378906,351.8999938964844,351.489990234375,351.8999938964844,6664,0.0,0.0,ADI,1m
2026-04-09 14:06:00-04:00,351.8299865722656,351.8299865722656,351.68499755859375,351.68499755859375,1074,0.0,0.0,ADI,1m
2026-04-09 14:07:00-04:00,351.68499755859375,351.68499755859375,351.68499755859375,351.68499755859375,1389,0.0,0.0,ADI,1m
2026-04-09 14:08:00-04:00,351.489990234375,351.6400146484375,351.2699890136719,351.3399963378906,5709,0.0,0.0,ADI,1m
2026-04-09 14:09:00-04:00,351.2950134277344,351.6099853515625,351.2900085449219,351.49749755859375,3942,0.0,0.0,ADI,1m
2026-04-09 14:10:00-04:00,351.6600036621094,351.8800048828125,351.57501220703125,351.7200012207031,4924,0.0,0.0,ADI,1m
2026-04-09 14:11:00-04:00,351.7200012207031,351.7200012207031,351.4800109863281,351.5400085449219,2717,0.0,0.0,ADI,1m
2026-04-09 14:12:00-04:00,351.5350036621094,351.5350036621094,351.5299987792969,351.5299987792969,1069,0.0,0.0,ADI,1m
2026-04-09 14:13:00-04:00,351.5150146484375,351.6600036621094,351.2300109863281,351.2300109863281,5329,0.0,0.0,ADI,1m
2026-04-09 14:14:00-04:00,351.4200134277344,351.6499938964844,351.4200134277344,351.6499938964844,2900,0.0,0.0,ADI,1m
2026-04-09 14:15:00-04:00,351.79998779296875,351.80999755859375,351.74249267578125,351.80999755859375,2142,0.0,0.0,ADI,1m
2026-04-09 14:16:00-04:00,351.7799987792969,351.7799987792969,351.7550048828125,351.7550048828125,1133,0.0,0.0,ADI,1m
2026-04-09 14:17:00-04:00,351.75,351.9700012207031,351.75,351.8999938964844,8206,0.0,0.0,ADI,1m
2026-04-09 14:18:00-04:00,351.8500061035156,351.8500061035156,351.75,351.80499267578125,2604,0.0,0.0,ADI,1m
2026-04-09 14:19:00-04:00,351.80499267578125,351.9700012207031,351.80499267578125,351.9700012207031,1881,0.0,0.0,ADI,1m
2026-04-09 14:20:00-04:00,351.9700012207031,351.9700012207031,351.8550109863281,351.94000244140625,7579,0.0,0.0,ADI,1m
2026-04-09 14:21:00-04:00,351.9200134277344,351.9200134277344,351.6400146484375,351.6400146484375,4166,0.0,0.0,ADI,1m
2026-04-09 14:22:00-04:00,351.2650146484375,351.510009765625,351.2650146484375,351.31500244140625,6411,0.0,0.0,ADI,1m
2026-04-09 14:23:00-04:00,351.30999755859375,351.5,351.2099914550781,351.239990234375,5628,0.0,0.0,ADI,1m
2026-04-09 14:24:00-04:00,351.42999267578125,351.44000244140625,351.2099914550781,351.260009765625,1858,0.0,0.0,ADI,1m
2026-04-09 14:25:00-04:00,351.44000244140625,351.6400146484375,351.44000244140625,351.4599914550781,4457,0.0,0.0,ADI,1m
2026-04-09 14:26:00-04:00,351.10009765625,351.3399963378906,351.10009765625,351.3399963378906,1127,0.0,0.0,ADI,1m
2026-04-09 14:27:00-04:00,351.2099914550781,351.2099914550781,351.2099914550781,351.2099914550781,962,0.0,0.0,ADI,1m
2026-04-09 14:28:00-04:00,351.4200134277344,351.4750061035156,351.260009765625,351.32000732421875,7881,0.0,0.0,ADI,1m
2026-04-09 14:30:00-04:00,351.4100036621094,351.489990234375,351.30999755859375,351.31500244140625,3361,0.0,0.0,ADI,1m
2026-04-09 14:31:00-04:00,351.31500244140625,351.3699951171875,351.2850036621094,351.2850036621094,3054,0.0,0.0,ADI,1m
2026-04-09 14:32:00-04:00,351.2799987792969,351.2799987792969,351.2749938964844,351.2749938964844,1313,0.0,0.0,ADI,1m
2026-04-09 14:33:00-04:00,351.2699890136719,351.2699890136719,351.04998779296875,351.25,5817,0.0,0.0,ADI,1m
2026-04-09 14:34:00-04:00,351.2300109863281,351.29998779296875,351.2300109863281,351.29998779296875,1263,0.0,0.0,ADI,1m
2026-04-09 14:35:00-04:00,351.3800048828125,351.69000244140625,351.3800048828125,351.69000244140625,4267,0.0,0.0,ADI,1m
2026-04-09 14:36:00-04:00,351.5299987792969,351.53009033203125,351.4100036621094,351.4100036621094,3525,0.0,0.0,ADI,1m
2026-04-09 14:37:00-04:00,351.5899963378906,351.5899963378906,351.4574890136719,351.4849853515625,1881,0.0,0.0,ADI,1m
2026-04-09 14:38:00-04:00,351.4849853515625,351.6199951171875,351.4849853515625,351.4849853515625,1096,0.0,0.0,ADI,1m
2026-04-09 14:39:00-04:00,351.5299987792969,351.69000244140625,351.5299987792969,351.69000244140625,1586,0.0,0.0,ADI,1m
2026-04-09 14:40:00-04:00,351.55999755859375,351.6700134277344,351.3900146484375,351.3900146484375,3008,0.0,0.0,ADI,1m
2026-04-09 14:41:00-04:00,351.2699890136719,351.5299987792969,351.2331848144531,351.2331848144531,6005,0.0,0.0,ADI,1m
2026-04-09 14:42:00-04:00,351.6299133300781,351.6700134277344,351.6299133300781,351.6700134277344,3286,0.0,0.0,ADI,1m
2026-04-09 14:43:00-04:00,351.6700134277344,351.7449951171875,351.5899963378906,351.6600036621094,2025,0.0,0.0,ADI,1m
2026-04-09 14:44:00-04:00,351.6000061035156,351.6000061035156,351.6000061035156,351.6000061035156,787,0.0,0.0,ADI,1m
2026-04-09 14:45:00-04:00,351.6000061035156,351.6199951171875,351.42498779296875,351.42498779296875,1113,0.0,0.0,ADI,1m
2026-04-09 14:46:00-04:00,351.42999267578125,351.43499755859375,351.2300109863281,351.3399963378906,4642,0.0,0.0,ADI,1m
2026-04-09 14:47:00-04:00,351.3599853515625,351.3599853515625,351.3599853515625,351.3599853515625,1097,0.0,0.0,ADI,1m
2026-04-09 14:48:00-04:00,351.30999755859375,351.30999755859375,351.135009765625,351.135009765625,1847,0.0,0.0,ADI,1m
2026-04-09 14:49:00-04:00,351.1499938964844,351.1499938964844,350.8800964355469,350.8800964355469,1933,0.0,0.0,ADI,1m
2026-04-09 14:50:00-04:00,351.059814453125,351.1120910644531,351.059814453125,351.0799865722656,3141,0.0,0.0,ADI,1m
2026-04-09 14:51:00-04:00,351.04998779296875,351.1099853515625,350.9750061035156,350.9849853515625,1506,0.0,0.0,ADI,1m
2026-04-09 14:52:00-04:00,350.9649963378906,351.1300048828125,350.95001220703125,351.1300048828125,4967,0.0,0.0,ADI,1m
2026-04-09 14:53:00-04:00,351.0199890136719,351.19000244140625,351.0199890136719,351.19000244140625,1929,0.0,0.0,ADI,1m
2026-04-09 14:54:00-04:00,351.0299987792969,351.0299987792969,350.94000244140625,350.94000244140625,1212,0.0,0.0,ADI,1m
2026-04-09 14:55:00-04:00,350.95001220703125,351.1199951171875,350.95001220703125,351.1199951171875,1962,0.0,0.0,ADI,1m
2026-04-09 14:56:00-04:00,351.1199951171875,351.1199951171875,350.9949951171875,351.1000061035156,1726,0.0,0.0,ADI,1m
2026-04-09 14:57:00-04:00,351.1199951171875,351.1199951171875,351.1199951171875,351.1199951171875,1744,0.0,0.0,ADI,1m
2026-04-09 14:58:00-04:00,351.05999755859375,351.1700134277344,351.04998779296875,351.1700134277344,980,0.0,0.0,ADI,1m
2026-04-09 14:59:00-04:00,351.05499267578125,351.1499938964844,350.9800109863281,351.0400085449219,4096,0.0,0.0,ADI,1m
2026-04-09 15:00:00-04:00,351.0299987792969,351.19000244140625,351.0299987792969,351.19000244140625,1861,0.0,0.0,ADI,1m
2026-04-09 15:01:00-04:00,351.05999755859375,351.19000244140625,351.05499267578125,351.1199951171875,4237,0.0,0.0,ADI,1m
2026-04-09 15:02:00-04:00,351.114990234375,351.3900146484375,351.114990234375,351.3900146484375,5911,0.0,0.0,ADI,1m
2026-04-09 15:03:00-04:00,351.2449951171875,351.39990234375,351.2099914550781,351.2099914550781,3834,0.0,0.0,ADI,1m
2026-04-09 15:04:00-04:00,351.2099914550781,351.30999755859375,351.18499755859375,351.30999755859375,5396,0.0,0.0,ADI,1m
2026-04-09 15:05:00-04:00,351.3699951171875,351.5299987792969,351.29998779296875,351.3999938964844,6469,0.0,0.0,ADI,1m
2026-04-09 15:06:00-04:00,351.42999267578125,351.510009765625,351.29998779296875,351.3949890136719,3400,0.0,0.0,ADI,1m
2026-04-09 15:07:00-04:00,351.4800109863281,351.7049865722656,351.4549865722656,351.7049865722656,2722,0.0,0.0,ADI,1m
2026-04-09 15:08:00-04:00,351.6650085449219,351.8800048828125,351.6650085449219,351.8800048828125,3215,0.0,0.0,ADI,1m
2026-04-09 15:09:00-04:00,351.7749938964844,351.8299865722656,351.6700134277344,351.8299865722656,4299,0.0,0.0,ADI,1m
2026-04-09 15:10:00-04:00,351.80999755859375,352.1099853515625,351.80999755859375,352.1099853515625,3474,0.0,0.0,ADI,1m
2026-04-09 15:11:00-04:00,352.07000732421875,352.1099853515625,352.07000732421875,352.0899963378906,698,0.0,0.0,ADI,1m
2026-04-09 15:12:00-04:00,352.1199951171875,352.32000732421875,352.1199951171875,352.1700134277344,6109,0.0,0.0,ADI,1m
2026-04-09 15:13:00-04:00,352.1449890136719,352.29998779296875,352.1099853515625,352.114990234375,3417,0.0,0.0,ADI,1m
2026-04-09 15:14:00-04:00,351.989990234375,352.010009765625,351.989990234375,352.0050048828125,2056,0.0,0.0,ADI,1m
2026-04-09 15:15:00-04:00,351.989990234375,352.00250244140625,351.989990234375,352.00250244140625,1674,0.0,0.0,ADI,1m
2026-04-09 15:16:00-04:00,352.1099853515625,352.1199951171875,351.8399963378906,352.0050048828125,4596,0.0,0.0,ADI,1m
2026-04-09 15:17:00-04:00,352.1000061035156,352.1549987792969,351.9949951171875,351.9949951171875,2446,0.0,0.0,ADI,1m
2026-04-09 15:18:00-04:00,352.1400146484375,352.2099914550781,352.1099853515625,352.2099914550781,2782,0.0,0.0,ADI,1m
2026-04-09 15:19:00-04:00,352.0899963378906,352.17999267578125,351.9549865722656,351.9700012207031,6762,0.0,0.0,ADI,1m
2026-04-09 15:20:00-04:00,351.9549865722656,351.9549865722656,351.79998779296875,351.95001220703125,5740,0.0,0.0,ADI,1m
2026-04-09 15:21:00-04:00,351.81500244140625,351.82000732421875,351.7974853515625,351.7974853515625,7208,0.0,0.0,ADI,1m
2026-04-09 15:22:00-04:00,351.8900146484375,351.8900146484375,351.55999755859375,351.6650085449219,6919,0.0,0.0,ADI,1m
2026-04-09 15:24:00-04:00,351.80999755859375,351.92999267578125,351.7950134277344,351.7950134277344,2690,0.0,0.0,ADI,1m
2026-04-09 15:25:00-04:00,351.92999267578125,352.5299987792969,351.92999267578125,352.5299987792969,5570,0.0,0.0,ADI,1m
2026-04-09 15:26:00-04:00,352.4700012207031,352.4700012207031,352.260009765625,352.3500061035156,7083,0.0,0.0,ADI,1m
2026-04-09 15:27:00-04:00,352.30999755859375,352.50469970703125,352.30999755859375,352.50469970703125,2906,0.0,0.0,ADI,1m
2026-04-09 15:28:00-04:00,352.4898986816406,352.4898986816406,352.2449951171875,352.2449951171875,2070,0.0,0.0,ADI,1m
2026-04-09 15:29:00-04:00,352.3999938964844,352.3999938964844,351.94000244140625,352.20001220703125,8825,0.0,0.0,ADI,1m
2026-04-09 15:30:00-04:00,352.239990234375,352.4100036621094,352.1300048828125,352.3900146484375,3641,0.0,0.0,ADI,1m
2026-04-09 15:31:00-04:00,352.5,352.510009765625,352.5,352.5050048828125,1623,0.0,0.0,ADI,1m
2026-04-09 15:32:00-04:00,352.69000244140625,352.69000244140625,352.4949951171875,352.4949951171875,2453,0.0,0.0,ADI,1m
2026-04-09 15:33:00-04:00,352.6600036621094,352.6600036621094,352.2300109863281,352.2900085449219,19525,0.0,0.0,ADI,1m
2026-04-09 15:34:00-04:00,352.3500061035156,352.3699951171875,352.3500061035156,352.3699951171875,2465,0.0,0.0,ADI,1m
2026-04-09 15:35:00-04:00,352.3949890136719,352.3949890136719,352.1099853515625,352.2300109863281,6987,0.0,0.0,ADI,1m
2026-04-09 15:36:00-04:00,352.1950988769531,352.30999755859375,352.1600036621094,352.30999755859375,6980,0.0,0.0,ADI,1m
2026-04-09 15:37:00-04:00,352.44000244140625,352.44000244140625,352.3900146484375,352.3900146484375,1942,0.0,0.0,ADI,1m
2026-04-09 15:38:00-04:00,352.4849853515625,352.4849853515625,352.3299865722656,352.385009765625,7719,0.0,0.0,ADI,1m
2026-04-09 15:39:00-04:00,352.3349914550781,352.3349914550781,352.1300048828125,352.2699890136719,6815,0.0,0.0,ADI,1m
2026-04-09 15:40:00-04:00,352.2074890136719,352.3900146484375,352.2049865722656,352.3900146484375,4957,0.0,0.0,ADI,1m
2026-04-09 15:41:00-04:00,352.29998779296875,352.3550109863281,351.9949951171875,352.1099853515625,14280,0.0,0.0,ADI,1m
2026-04-09 15:42:00-04:00,352.2099914550781,352.32000732421875,352.2099914550781,352.2449951171875,2438,0.0,0.0,ADI,1m
2026-04-09 15:43:00-04:00,352.3500061035156,352.3500061035156,352.2300109863281,352.32000732421875,3998,0.0,0.0,ADI,1m
2026-04-09 15:44:00-04:00,352.1700134277344,352.32000732421875,352.0799865722656,352.29998779296875,6369,0.0,0.0,ADI,1m
2026-04-09 15:45:00-04:00,352.32000732421875,352.32000732421875,352.1300048828125,352.1300048828125,2622,0.0,0.0,ADI,1m
2026-04-09 15:46:00-04:00,352.2900085449219,352.32000732421875,352.2200012207031,352.31500244140625,9009,0.0,0.0,ADI,1m
2026-04-09 15:47:00-04:00,352.2300109863281,352.31500244140625,352.1099853515625,352.1600036621094,16936,0.0,0.0,ADI,1m
2026-04-09 15:48:00-04:00,352.17999267578125,352.17999267578125,351.8999938964844,352.0150146484375,8958,0.0,0.0,ADI,1m
2026-04-09 15:49:00-04:00,351.93011474609375,352.1473083496094,351.8500061035156,352.1473083496094,6964,0.0,0.0,ADI,1m
2026-04-09 15:50:00-04:00,352.1499938964844,352.4800109863281,351.9049987792969,352.1300048828125,16705,0.0,0.0,ADI,1m
2026-04-09 15:51:00-04:00,352.06500244140625,352.17999267578125,352.0400085449219,352.125,7379,0.0,0.0,ADI,1m
2026-04-09 15:52:00-04:00,352.20001220703125,352.4049987792969,352.114990234375,352.4049987792969,13832,0.0,0.0,ADI,1m
2026-04-09 15:53:00-04:00,352.3550109863281,352.3550109863281,351.9549865722656,351.9549865722656,9605,0.0,0.0,ADI,1m
2026-04-09 15:54:00-04:00,352.0199890136719,352.1400146484375,351.8800048828125,351.9800109863281,17591,0.0,0.0,ADI,1m
2026-04-09 15:55:00-04:00,351.6700134277344,351.8299865722656,351.1499938964844,351.2550048828125,21336,0.0,0.0,ADI,1m
2026-04-09 15:56:00-04:00,351.2550048828125,351.4150085449219,351.1400146484375,351.1499938964844,17218,0.0,0.0,ADI,1m
2026-04-09 15:57:00-04:00,351.1199951171875,351.44000244140625,351.1199951171875,351.2900085449219,25072,0.0,0.0,ADI,1m
2026-04-09 15:58:00-04:00,351.2900085449219,351.3399963378906,351.1199951171875,351.1499938964844,30241,0.0,0.0,ADI,1m
2026-04-09 15:59:00-04:00,351.17498779296875,351.3699951171875,351.0899963378906,351.3699951171875,67403,0.0,0.0,ADI,1m
2026-04-10 09:30:00-04:00,352.989990234375,354.1000061035156,352.6400146484375,353.06500244140625,36331,0.0,0.0,ADI,1m
2026-04-10 09:31:00-04:00,353.06500244140625,353.6499938964844,353.06500244140625,353.6499938964844,1187,0.0,0.0,ADI,1m
2026-04-10 09:32:00-04:00,353.17999267578125,353.7149963378906,353.17999267578125,353.69000244140625,4490,0.0,0.0,ADI,1m
2026-04-10 09:33:00-04:00,353.635009765625,353.9150085449219,353.4822998046875,353.6400146484375,4828,0.0,0.0,ADI,1m
2026-04-10 09:34:00-04:00,354.2300109863281,354.2900085449219,353.6499938964844,353.69000244140625,14562,0.0,0.0,ADI,1m
2026-04-10 09:35:00-04:00,353.69000244140625,353.69000244140625,352.44500732421875,352.625,15978,0.0,0.0,ADI,1m
2026-04-10 09:36:00-04:00,352.94000244140625,353.4599914550781,352.8500061035156,353.3999938964844,6781,0.0,0.0,ADI,1m
2026-04-10 09:37:00-04:00,353.6499938964844,353.9800109863281,353.4200134277344,353.9800109863281,1624,0.0,0.0,ADI,1m
2026-04-10 09:38:00-04:00,354.1400146484375,354.1499938964844,352.989990234375,353.0400085449219,6481,0.0,0.0,ADI,1m
2026-04-10 09:39:00-04:00,352.4551086425781,352.4551086425781,352.0,352.1000061035156,3321,0.0,0.0,ADI,1m
2026-04-10 09:40:00-04:00,351.90789794921875,351.90789794921875,351.6000061035156,351.7799987792969,4236,0.0,0.0,ADI,1m
2026-04-10 09:41:00-04:00,352.3999938964844,352.3999938964844,352.3999938964844,352.3999938964844,835,0.0,0.0,ADI,1m
2026-04-10 09:42:00-04:00,352.989990234375,353.2300109863281,352.45001220703125,352.6199951171875,6149,0.0,0.0,ADI,1m
2026-04-10 09:43:00-04:00,352.8450012207031,352.94000244140625,352.6300048828125,352.9200134277344,9184,0.0,0.0,ADI,1m
2026-04-10 09:44:00-04:00,352.8399963378906,352.8399963378906,352.6499938964844,352.6499938964844,2861,0.0,0.0,ADI,1m
2026-04-10 09:45:00-04:00,352.7449951171875,353.3599853515625,352.7449951171875,353.3500061035156,12227,0.0,0.0,ADI,1m
2026-04-10 09:46:00-04:00,353.29998779296875,353.55999755859375,353.29998779296875,353.55999755859375,2520,0.0,0.0,ADI,1m
2026-04-10 09:47:00-04:00,353.4750061035156,354.010009765625,353.2799987792969,354.010009765625,9741,0.0,0.0,ADI,1m
2026-04-10 09:48:00-04:00,353.8399963378906,353.8399963378906,353.7449951171875,353.7799987792969,2661,0.0,0.0,ADI,1m
2026-04-10 09:49:00-04:00,354.1199951171875,354.1199951171875,353.8800048828125,353.8800048828125,4342,0.0,0.0,ADI,1m
2026-04-10 09:50:00-04:00,353.7200012207031,353.7799987792969,353.4800109863281,353.4800109863281,1482,0.0,0.0,ADI,1m
2026-04-10 09:51:00-04:00,353.7799987792969,354.0400085449219,353.7799987792969,353.7900085449219,5120,0.0,0.0,ADI,1m
2026-04-10 09:52:00-04:00,353.7799987792969,353.989990234375,353.3550109863281,353.3550109863281,3839,0.0,0.0,ADI,1m
2026-04-10 09:53:00-04:00,353.2200012207031,353.6400146484375,352.9750061035156,353.375,8910,0.0,0.0,ADI,1m
2026-04-10 09:54:00-04:00,353.6099853515625,353.6099853515625,353.385009765625,353.385009765625,1418,0.0,0.0,ADI,1m
2026-04-10 09:55:00-04:00,353.3356018066406,353.760009765625,353.3356018066406,353.760009765625,4668,0.0,0.0,ADI,1m
2026-04-10 09:56:00-04:00,353.69000244140625,353.69000244140625,353.239990234375,353.239990234375,2343,0.0,0.0,ADI,1m
2026-04-10 09:57:00-04:00,353.3900146484375,353.510009765625,353.3900146484375,353.510009765625,1363,0.0,0.0,ADI,1m
2026-04-10 09:58:00-04:00,353.3699951171875,353.4800109863281,352.8999938964844,352.8999938964844,5789,0.0,0.0,ADI,1m
2026-04-10 09:59:00-04:00,353.05999755859375,353.177001953125,353.0450134277344,353.1499938964844,2545,0.0,0.0,ADI,1m
2026-04-10 10:00:00-04:00,352.947509765625,353.07000732421875,352.44000244140625,352.4800109863281,23549,0.0,0.0,ADI,1m
2026-04-10 10:01:00-04:00,352.635009765625,352.6400146484375,351.80999755859375,351.80999755859375,43410,0.0,0.0,ADI,1m
2026-04-10 10:02:00-04:00,352.0400085449219,352.20001220703125,351.3800048828125,351.3800048828125,7857,0.0,0.0,ADI,1m
2026-04-10 10:03:00-04:00,351.3999938964844,351.3999938964844,351.3550109863281,351.3550109863281,2335,0.0,0.0,ADI,1m
2026-04-10 10:04:00-04:00,351.32000732421875,351.3450012207031,351.32000732421875,351.3450012207031,1150,0.0,0.0,ADI,1m
2026-04-10 10:05:00-04:00,351.20001220703125,351.7900085449219,351.0899963378906,351.67999267578125,7011,0.0,0.0,ADI,1m
2026-04-10 10:06:00-04:00,351.57391357421875,351.9100036621094,351.54638671875,351.68499755859375,4328,0.0,0.0,ADI,1m
2026-04-10 10:07:00-04:00,351.6300048828125,351.7200012207031,350.5,351.7200012207031,12087,0.0,0.0,ADI,1m
2026-04-10 10:08:00-04:00,351.8999938964844,352.260009765625,351.8399963378906,351.8599853515625,7829,0.0,0.0,ADI,1m
2026-04-10 10:09:00-04:00,351.6400146484375,351.6400146484375,350.5199890136719,350.5199890136719,13795,0.0,0.0,ADI,1m
2026-04-10 10:10:00-04:00,350.70001220703125,350.70001220703125,349.6499938964844,349.885009765625,7202,0.0,0.0,ADI,1m
2026-04-10 10:11:00-04:00,349.885009765625,349.885009765625,349.54998779296875,349.5899963378906,5749,0.0,0.0,ADI,1m
2026-04-10 10:12:00-04:00,349.79998779296875,349.8500061035156,349.54998779296875,349.6700134277344,10797,0.0,0.0,ADI,1m
2026-04-10 10:13:00-04:00,349.75,350.5199890136719,349.010009765625,350.510009765625,50977,0.0,0.0,ADI,1m
2026-04-10 10:14:00-04:00,350.4200134277344,350.56500244140625,349.8399963378906,350.19500732421875,25573,0.0,0.0,ADI,1m
2026-04-10 10:15:00-04:00,350.125,350.2445068359375,349.92498779296875,349.9800109863281,13762,0.0,0.0,ADI,1m
2026-04-10 10:16:00-04:00,349.9649963378906,349.9649963378906,349.5799865722656,349.8699951171875,4128,0.0,0.0,ADI,1m
2026-04-10 10:17:00-04:00,349.7349853515625,349.75,349.3349914550781,349.3349914550781,3863,0.0,0.0,ADI,1m
2026-04-10 10:18:00-04:00,349.2099914550781,349.4200134277344,349.2099914550781,349.4200134277344,2129,0.0,0.0,ADI,1m
2026-04-10 10:19:00-04:00,349.5150146484375,350.1549987792969,349.5150146484375,350.1499938964844,4046,0.0,0.0,ADI,1m
2026-04-10 10:20:00-04:00,350.05999755859375,350.1549987792969,350.05999755859375,350.0849914550781,1225,0.0,0.0,ADI,1m
2026-04-10 10:21:00-04:00,350.0899963378906,350.0899963378906,349.8399963378906,349.8699951171875,2523,0.0,0.0,ADI,1m
2026-04-10 10:22:00-04:00,349.82000732421875,349.8399963378906,349.82000732421875,349.82000732421875,2988,0.0,0.0,ADI,1m
2026-04-10 10:23:00-04:00,350.0950012207031,350.0950012207031,349.8999938964844,349.8999938964844,2845,0.0,0.0,ADI,1m
2026-04-10 10:24:00-04:00,350.0899963378906,350.1600036621094,349.6300048828125,350.1600036621094,9091,0.0,0.0,ADI,1m
2026-04-10 10:25:00-04:00,350.30999755859375,350.4700012207031,350.2250061035156,350.2250061035156,3409,0.0,0.0,ADI,1m
2026-04-10 10:26:00-04:00,350.2250061035156,350.2250061035156,349.9599914550781,349.9599914550781,3607,0.0,0.0,ADI,1m
2026-04-10 10:27:00-04:00,350.0050048828125,350.0050048828125,349.8399963378906,350.0050048828125,1730,0.0,0.0,ADI,1m
2026-04-10 10:28:00-04:00,349.989990234375,350.1700134277344,349.989990234375,350.1099853515625,792,0.0,0.0,ADI,1m
2026-04-10 10:29:00-04:00,350.1600036621094,350.1600036621094,350.1600036621094,350.1600036621094,3376,0.0,0.0,ADI,1m
2026-04-10 10:30:00-04:00,350.1199951171875,350.80999755859375,350.1199951171875,350.80999755859375,9233,0.0,0.0,ADI,1m
2026-04-10 10:31:00-04:00,350.69000244140625,350.70001220703125,350.239990234375,350.239990234375,8492,0.0,0.0,ADI,1m
2026-04-10 10:32:00-04:00,350.17999267578125,350.25,350.1499938964844,350.1499938964844,4152,0.0,0.0,ADI,1m
2026-04-10 10:33:00-04:00,350.17999267578125,350.3399963378906,350.07000732421875,350.2900085449219,11228,0.0,0.0,ADI,1m
2026-04-10 10:34:00-04:00,350.19000244140625,350.19000244140625,350.19000244140625,350.19000244140625,3014,0.0,0.0,ADI,1m
2026-04-10 10:35:00-04:00,350.1400146484375,350.20001220703125,350.1400146484375,350.20001220703125,3254,0.0,0.0,ADI,1m
2026-04-10 10:36:00-04:00,350.5299987792969,350.69989013671875,350.5299987792969,350.6099853515625,2389,0.0,0.0,ADI,1m
2026-04-10 10:37:00-04:00,350.69000244140625,350.69000244140625,350.0799865722656,350.2049865722656,4119,0.0,0.0,ADI,1m
2026-04-10 10:38:00-04:00,350.3699951171875,350.3699951171875,350.0799865722656,350.19000244140625,1872,0.0,0.0,ADI,1m
2026-04-10 10:39:00-04:00,350.25,350.5199890136719,350.1400146484375,350.30499267578125,9260,0.0,0.0,ADI,1m
2026-04-10 10:40:00-04:00,350.3900146484375,350.3900146484375,350.1099853515625,350.17999267578125,9666,0.0,0.0,ADI,1m
2026-04-10 10:41:00-04:00,350.2049865722656,350.31500244140625,350.0400085449219,350.31500244140625,7146,0.0,0.0,ADI,1m
2026-04-10 10:42:00-04:00,350.364990234375,350.4100036621094,349.5299987792969,349.5299987792969,20096,0.0,0.0,ADI,1m
2026-04-10 10:43:00-04:00,349.4800109863281,350.1600036621094,349.4800109863281,350.1600036621094,6077,0.0,0.0,ADI,1m
2026-04-10 10:44:00-04:00,350.18231201171875,350.42999267578125,349.94000244140625,350.0,8270,0.0,0.0,ADI,1m
2026-04-10 10:45:00-04:00,349.677490234375,349.677490234375,349.6400146484375,349.6400146484375,1932,0.0,0.0,ADI,1m
2026-04-10 10:46:00-04:00,349.81500244140625,349.81500244140625,349.81500244140625,349.81500244140625,1018,0.0,0.0,ADI,1m
2026-04-10 10:47:00-04:00,349.7099914550781,349.95001220703125,349.6600036621094,349.8349914550781,8214,0.0,0.0,ADI,1m
2026-04-10 10:48:00-04:00,349.8399963378906,349.8399963378906,349.8399963378906,349.8399963378906,586,0.0,0.0,ADI,1m
2026-04-10 10:49:00-04:00,349.9150085449219,350.0299987792969,349.9150085449219,349.95001220703125,2161,0.0,0.0,ADI,1m
2026-04-10 10:50:00-04:00,349.95001220703125,350.135009765625,349.95001220703125,350.05999755859375,5524,0.0,0.0,ADI,1m
2026-04-10 10:51:00-04:00,349.9949951171875,349.9949951171875,349.9949951171875,349.9949951171875,497,0.0,0.0,ADI,1m
2026-04-10 10:52:00-04:00,350.20001220703125,350.32000732421875,350.17498779296875,350.29998779296875,2484,0.0,0.0,ADI,1m
2026-04-10 10:53:00-04:00,350.2699890136719,350.2699890136719,350.05999755859375,350.07501220703125,3211,0.0,0.0,ADI,1m
2026-04-10 10:54:00-04:00,350.07501220703125,350.2300109863281,350.07501220703125,350.0799865722656,1160,0.0,0.0,ADI,1m
2026-04-10 10:55:00-04:00,349.94000244140625,350.1199951171875,349.8699951171875,350.010009765625,4898,0.0,0.0,ADI,1m
2026-04-10 10:56:00-04:00,349.8299865722656,350.2550048828125,349.8299865722656,350.20001220703125,2514,0.0,0.0,ADI,1m
2026-04-10 10:57:00-04:00,350.18499755859375,350.2699890136719,349.8900146484375,349.8999938964844,4203,0.0,0.0,ADI,1m
2026-04-10 10:58:00-04:00,349.8450012207031,350.1099853515625,349.75,349.8399963378906,7045,0.0,0.0,ADI,1m
2026-04-10 10:59:00-04:00,350.0150146484375,350.0150146484375,349.739990234375,349.9750061035156,3491,0.0,0.0,ADI,1m
2026-04-10 11:00:00-04:00,349.9800109863281,350.1199951171875,349.9800109863281,350.1199951171875,2682,0.0,0.0,ADI,1m
2026-04-10 11:01:00-04:00,349.8699951171875,349.9800109863281,349.7221984863281,349.9800109863281,5014,0.0,0.0,ADI,1m
2026-04-10 11:02:00-04:00,349.8900146484375,350.1000061035156,349.8900146484375,350.1000061035156,1412,0.0,0.0,ADI,1m
2026-04-10 11:03:00-04:00,350.04998779296875,350.17999267578125,349.95001220703125,350.17999267578125,4335,0.0,0.0,ADI,1m
2026-04-10 11:04:00-04:00,350.17999267578125,350.2300109863281,350.0,350.010009765625,2969,0.0,0.0,ADI,1m
2026-04-10 11:05:00-04:00,349.94000244140625,350.1698913574219,349.82000732421875,349.82000732421875,2688,0.0,0.0,ADI,1m
2026-04-10 11:06:00-04:00,349.94500732421875,350.1700134277344,349.82000732421875,350.1700134277344,8735,0.0,0.0,ADI,1m
2026-04-10 11:07:00-04:00,350.1700134277344,350.510009765625,350.1700134277344,350.44500732421875,10882,0.0,0.0,ADI,1m
2026-04-10 11:08:00-04:00,350.30999755859375,350.4700012207031,350.2950134277344,350.4700012207031,1473,0.0,0.0,ADI,1m
2026-04-10 11:09:00-04:00,350.2950134277344,350.510009765625,350.25,350.510009765625,6296,0.0,0.0,ADI,1m
2026-04-10 11:10:00-04:00,350.864990234375,350.8999938964844,350.864990234375,350.8999938964844,1245,0.0,0.0,ADI,1m
2026-04-10 11:11:00-04:00,350.864990234375,350.9800109863281,350.864990234375,350.9800109863281,2188,0.0,0.0,ADI,1m
2026-04-10 11:12:00-04:00,351.2049865722656,351.2049865722656,351.05999755859375,351.05999755859375,1604,0.0,0.0,ADI,1m
2026-04-10 11:13:00-04:00,351.0799865722656,351.0799865722656,350.7699890136719,350.9549865722656,4552,0.0,0.0,ADI,1m
2026-04-10 11:14:00-04:00,350.8699951171875,351.07000732421875,350.8699951171875,351.07000732421875,1343,0.0,0.0,ADI,1m
2026-04-10 11:15:00-04:00,351.1400146484375,351.3999938964844,351.0299987792969,351.3999938964844,3781,0.0,0.0,ADI,1m
2026-04-10 11:16:00-04:00,351.3800048828125,351.4200134277344,351.3450012207031,351.3450012207031,3494,0.0,0.0,ADI,1m
2026-04-10 11:17:00-04:00,351.17999267578125,351.239990234375,350.94000244140625,350.9700012207031,5233,0.0,0.0,ADI,1m
2026-04-10 11:18:00-04:00,350.94000244140625,350.94000244140625,350.7500915527344,350.7500915527344,4850,0.0,0.0,ADI,1m
2026-04-10 11:19:00-04:00,350.8399963378906,350.8450012207031,350.8399963378906,350.8450012207031,1067,0.0,0.0,ADI,1m
2026-04-10 11:20:00-04:00,350.8450012207031,351.0,350.7900085449219,351.0,6604,0.0,0.0,ADI,1m
2026-04-10 11:21:00-04:00,350.9800109863281,350.9800109863281,350.7900085449219,350.94000244140625,3318,0.0,0.0,ADI,1m
2026-04-10 11:22:00-04:00,351.1199951171875,351.17999267578125,351.010009765625,351.0400085449219,2185,0.0,0.0,ADI,1m
2026-04-10 11:23:00-04:00,351.19000244140625,351.19000244140625,351.19000244140625,351.19000244140625,983,0.0,0.0,ADI,1m
2026-04-10 11:24:00-04:00,351.0799865722656,351.1700134277344,350.9599914550781,350.9599914550781,2808,0.0,0.0,ADI,1m
2026-04-10 11:25:00-04:00,351.0299987792969,351.0299987792969,350.760009765625,350.9599914550781,5447,0.0,0.0,ADI,1m
2026-04-10 11:26:00-04:00,350.8900146484375,350.9599914550781,350.6700134277344,350.7799987792969,7310,0.0,0.0,ADI,1m
2026-04-10 11:27:00-04:00,350.739990234375,350.760009765625,350.739990234375,350.760009765625,1590,0.0,0.0,ADI,1m
2026-04-10 11:28:00-04:00,350.75,350.8699951171875,350.7449951171875,350.8699951171875,2089,0.0,0.0,ADI,1m
2026-04-10 11:29:00-04:00,350.739990234375,350.79998779296875,350.6000061035156,350.69378662109375,4164,0.0,0.0,ADI,1m
2026-04-10 11:30:00-04:00,350.739990234375,350.739990234375,350.5799865722656,350.7099914550781,1866,0.0,0.0,ADI,1m
2026-04-10 11:31:00-04:00,350.7099914550781,350.7099914550781,350.5400085449219,350.6650085449219,5615,0.0,0.0,ADI,1m
2026-04-10 11:32:00-04:00,350.6600036621094,350.6600036621094,350.6099853515625,350.6400146484375,1963,0.0,0.0,ADI,1m
2026-04-10 11:33:00-04:00,350.55999755859375,350.7300109863281,350.55499267578125,350.55499267578125,1378,0.0,0.0,ADI,1m
2026-04-10 11:34:00-04:00,350.55499267578125,350.55499267578125,350.25,350.4949951171875,9243,0.0,0.0,ADI,1m
2026-04-10 11:35:00-04:00,350.3500061035156,350.69000244140625,350.17999267578125,350.17999267578125,3534,0.0,0.0,ADI,1m
2026-04-10 11:36:00-04:00,350.125,350.3500061035156,350.0000915527344,350.17498779296875,3155,0.0,0.0,ADI,1m
2026-04-10 11:37:00-04:00,350.1099853515625,350.2200012207031,349.6499938964844,349.6499938964844,7584,0.0,0.0,ADI,1m
2026-04-10 11:38:00-04:00,349.5,349.6650085449219,349.32000732421875,349.4800109863281,3442,0.0,0.0,ADI,1m
2026-04-10 11:39:00-04:00,349.32501220703125,349.3299865722656,349.20001220703125,349.260009765625,2882,0.0,0.0,ADI,1m
2026-04-10 11:40:00-04:00,349.2749938964844,349.3599853515625,349.1600036621094,349.3599853515625,3553,0.0,0.0,ADI,1m
2026-04-10 11:41:00-04:00,349.3699951171875,349.5899963378906,349.3699951171875,349.5,2653,0.0,0.0,ADI,1m
2026-04-10 11:42:00-04:00,349.4346008300781,349.67999267578125,349.4346008300781,349.6499938964844,2453,0.0,0.0,ADI,1m
2026-04-10 11:43:00-04:00,349.75,349.8699951171875,349.739990234375,349.760009765625,4782,0.0,0.0,ADI,1m
2026-04-10 11:44:00-04:00,349.68499755859375,349.8900146484375,349.55999755859375,349.8900146484375,1937,0.0,0.0,ADI,1m
2026-04-10 11:45:00-04:00,349.9800109863281,350.05999755859375,349.9800109863281,350.05999755859375,1429,0.0,0.0,ADI,1m
2026-04-10 11:46:00-04:00,349.93499755859375,350.0799865722656,349.93499755859375,349.94000244140625,2097,0.0,0.0,ADI,1m
2026-04-10 11:47:00-04:00,349.8299865722656,349.94000244140625,349.760009765625,349.7699890136719,4838,0.0,0.0,ADI,1m
2026-04-10 11:48:00-04:00,349.9200134277344,349.9200134277344,349.9200134277344,349.9200134277344,960,0.0,0.0,ADI,1m
2026-04-10 11:49:00-04:00,349.92999267578125,349.92999267578125,349.6300048828125,349.7699890136719,9738,0.0,0.0,ADI,1m
2026-04-10 11:50:00-04:00,349.8349914550781,349.8450012207031,349.6700134277344,349.7349853515625,7023,0.0,0.0,ADI,1m
2026-04-10 11:51:00-04:00,349.8599853515625,349.8699951171875,349.7099914550781,349.7099914550781,2381,0.0,0.0,ADI,1m
2026-04-10 11:52:00-04:00,349.7900085449219,349.89990234375,349.7699890136719,349.89990234375,1099,0.0,0.0,ADI,1m
2026-04-10 11:53:00-04:00,349.7900085449219,349.8349914550781,349.68499755859375,349.8299865722656,10674,0.0,0.0,ADI,1m
2026-04-10 11:54:00-04:00,349.7900085449219,349.8699951171875,349.7699890136719,349.8699951171875,2081,0.0,0.0,ADI,1m
2026-04-10 11:55:00-04:00,349.7950134277344,349.8900146484375,349.45001220703125,349.8500061035156,31045,0.0,0.0,ADI,1m
2026-04-10 11:56:00-04:00,349.8699951171875,350.0,349.8699951171875,349.875,1444,0.0,0.0,ADI,1m
2026-04-10 11:57:00-04:00,349.80999755859375,349.885009765625,349.4100036621094,349.8299865722656,38562,0.0,0.0,ADI,1m
2026-04-10 11:59:00-04:00,349.69000244140625,350.1300048828125,349.69000244140625,350.010009765625,4937,0.0,0.0,ADI,1m
2026-04-10 12:00:00-04:00,349.9949951171875,349.9949951171875,349.9549865722656,349.9549865722656,587,0.0,0.0,ADI,1m
2026-04-10 12:01:00-04:00,350.1000061035156,350.1000061035156,349.760009765625,349.760009765625,3549,0.0,0.0,ADI,1m
2026-04-10 12:02:00-04:00,349.80010986328125,350.3475036621094,349.80010986328125,350.3475036621094,4200,0.0,0.0,ADI,1m
2026-04-10 12:03:00-04:00,350.5,350.5199890136719,350.375,350.5199890136719,1222,0.0,0.0,ADI,1m
2026-04-10 12:04:00-04:00,350.3038024902344,350.6300048828125,350.3038024902344,350.6300048828125,1943,0.0,0.0,ADI,1m
2026-04-10 12:05:00-04:00,350.5450134277344,350.80499267578125,350.5450134277344,350.80499267578125,2349,0.0,0.0,ADI,1m
2026-04-10 12:07:00-04:00,350.6099853515625,350.6099853515625,350.6099853515625,350.6099853515625,933,0.0,0.0,ADI,1m
2026-04-10 12:08:00-04:00,350.69000244140625,350.69000244140625,350.69000244140625,350.69000244140625,1335,0.0,0.0,ADI,1m
2026-04-10 12:09:00-04:00,350.739990234375,350.739990234375,350.739990234375,350.739990234375,1359,0.0,0.0,ADI,1m
2026-04-10 12:10:00-04:00,350.94000244140625,351.135009765625,350.94000244140625,351.135009765625,1578,0.0,0.0,ADI,1m
2026-04-10 12:11:00-04:00,351.1700134277344,351.44000244140625,351.1700134277344,351.3800048828125,1755,0.0,0.0,ADI,1m
2026-04-10 12:12:00-04:00,351.1650085449219,351.1650085449219,351.1650085449219,351.1650085449219,1511,0.0,0.0,ADI,1m
2026-04-10 12:13:00-04:00,351.20001220703125,351.54998779296875,351.20001220703125,351.54998779296875,1450,0.0,0.0,ADI,1m
2026-04-10 12:14:00-04:00,351.3399963378906,351.3399963378906,351.3399963378906,351.3399963378906,1457,0.0,0.0,ADI,1m
2026-04-10 12:15:00-04:00,351.3500061035156,351.3500061035156,351.2699890136719,351.2799987792969,3004,0.0,0.0,ADI,1m
2026-04-10 12:16:00-04:00,351.1000061035156,351.1000061035156,351.1000061035156,351.1000061035156,639,0.0,0.0,ADI,1m
2026-04-10 12:17:00-04:00,351.0950012207031,351.3399963378906,351.0950012207031,351.18499755859375,1146,0.0,0.0,ADI,1m
2026-04-10 12:18:00-04:00,351.18499755859375,351.18499755859375,351.18499755859375,351.18499755859375,1356,0.0,0.0,ADI,1m
2026-04-10 12:19:00-04:00,351.1499938964844,351.1499938964844,350.9849853515625,350.9849853515625,2847,0.0,0.0,ADI,1m
2026-04-10 12:20:00-04:00,350.9849853515625,351.04998779296875,350.9849853515625,350.9849853515625,4621,0.0,0.0,ADI,1m
2026-04-10 12:22:00-04:00,350.9849853515625,350.9849853515625,350.9800109863281,350.9800109863281,986,0.0,0.0,ADI,1m
2026-04-10 12:23:00-04:00,351.07501220703125,351.07501220703125,350.94000244140625,350.989990234375,1418,0.0,0.0,ADI,1m
2026-04-10 12:24:00-04:00,350.9599914550781,351.17999267578125,350.9599914550781,351.17999267578125,1484,0.0,0.0,ADI,1m
2026-04-10 12:25:00-04:00,351.0249938964844,351.0299987792969,351.0249938964844,351.0299987792969,1224,0.0,0.0,ADI,1m
2026-04-10 12:26:00-04:00,351.0039978027344,351.0450134277344,350.8399963378906,351.0450134277344,2973,0.0,0.0,ADI,1m
2026-04-10 12:27:00-04:00,351.0199890136719,351.04998779296875,350.9599914550781,350.9599914550781,2812,0.0,0.0,ADI,1m
2026-04-10 12:28:00-04:00,351.06500244140625,351.06500244140625,350.7900085449219,350.93499755859375,7506,0.0,0.0,ADI,1m
2026-04-10 12:29:00-04:00,350.9649963378906,350.9649963378906,350.9649963378906,350.9649963378906,1672,0.0,0.0,ADI,1m
2026-04-10 12:30:00-04:00,351.17999267578125,351.25,351.05999755859375,351.135009765625,4024,0.0,0.0,ADI,1m
2026-04-10 12:31:00-04:00,351.19000244140625,351.19000244140625,350.9700012207031,350.9800109863281,4959,0.0,0.0,ADI,1m
2026-04-10 12:32:00-04:00,350.9949951171875,351.010009765625,350.80999755859375,350.80999755859375,4078,0.0,0.0,ADI,1m
2026-04-10 12:33:00-04:00,351.0,351.0,350.760009765625,350.7699890136719,2420,0.0,0.0,ADI,1m
2026-04-10 12:34:00-04:00,350.6400146484375,350.760009765625,350.6400146484375,350.68499755859375,2096,0.0,0.0,ADI,1m
2026-04-10 12:35:00-04:00,350.7900085449219,350.7900085449219,350.6549987792969,350.69500732421875,3050,0.0,0.0,ADI,1m
2026-04-10 12:36:00-04:00,350.69000244140625,350.69000244140625,350.69000244140625,350.69000244140625,1731,0.0,0.0,ADI,1m
2026-04-10 12:37:00-04:00,350.5199890136719,350.5450134277344,350.43499755859375,350.5450134277344,5154,0.0,0.0,ADI,1m
2026-04-10 12:39:00-04:00,350.6199951171875,350.6199951171875,350.43499755859375,350.43499755859375,1979,0.0,0.0,ADI,1m
2026-04-10 12:40:00-04:00,350.43499755859375,350.43499755859375,350.2650146484375,350.2650146484375,2612,0.0,0.0,ADI,1m
2026-04-10 12:41:00-04:00,350.45001220703125,350.45001220703125,350.1300048828125,350.2349853515625,4990,0.0,0.0,ADI,1m
2026-04-10 12:42:00-04:00,350.260009765625,350.260009765625,350.260009765625,350.260009765625,221,0.0,0.0,ADI,1m
2026-04-10 12:43:00-04:00,350.3599853515625,350.3699951171875,350.20001220703125,350.2799987792969,1811,0.0,0.0,ADI,1m
2026-04-10 12:44:00-04:00,350.2749938964844,350.2850036621094,350.1400146484375,350.2699890136719,1465,0.0,0.0,ADI,1m
2026-04-10 12:45:00-04:00,350.2749938964844,350.4599914550781,350.2699890136719,350.4599914550781,1896,0.0,0.0,ADI,1m
2026-04-10 12:46:00-04:00,350.30999755859375,350.3599853515625,350.2300109863281,350.3550109863281,4383,0.0,0.0,ADI,1m
2026-04-10 12:47:00-04:00,350.31500244140625,350.489990234375,350.31500244140625,350.3299865722656,977,0.0,0.0,ADI,1m
2026-04-10 12:48:00-04:00,350.239990234375,350.3299865722656,350.239990234375,350.3299865722656,1082,0.0,0.0,ADI,1m
2026-04-10 12:49:00-04:00,350.1700134277344,350.4100036621094,350.1700134277344,350.3599853515625,4328,0.0,0.0,ADI,1m
2026-04-10 12:50:00-04:00,350.3949890136719,350.4200134277344,350.3949890136719,350.4200134277344,1033,0.0,0.0,ADI,1m
2026-04-10 12:51:00-04:00,350.57000732421875,350.57000732421875,350.3399963378906,350.3399963378906,3155,0.0,0.0,ADI,1m
2026-04-10 12:52:00-04:00,350.3550109863281,350.54998779296875,350.3299865722656,350.54998779296875,816,0.0,0.0,ADI,1m
2026-04-10 12:53:00-04:00,350.3999938964844,350.6000061035156,350.3999938964844,350.5799865722656,2005,0.0,0.0,ADI,1m
2026-04-10 12:54:00-04:00,350.57000732421875,350.57000732421875,350.44000244140625,350.57000732421875,1335,0.0,0.0,ADI,1m
2026-04-10 12:55:00-04:00,350.5,350.625,350.5,350.625,842,0.0,0.0,ADI,1m
2026-04-10 12:56:00-04:00,350.5,350.5,350.5,350.5,968,0.0,0.0,ADI,1m
2026-04-10 12:57:00-04:00,350.4200134277344,350.5,350.4200134277344,350.4200134277344,1399,0.0,0.0,ADI,1m
2026-04-10 12:58:00-04:00,350.260009765625,350.375,350.260009765625,350.375,824,0.0,0.0,ADI,1m
2026-04-10 12:59:00-04:00,350.42999267578125,350.5400085449219,350.42999267578125,350.5400085449219,3379,0.0,0.0,ADI,1m
2026-04-10 13:00:00-04:00,350.5899963378906,350.5899963378906,350.44000244140625,350.4750061035156,1771,0.0,0.0,ADI,1m
2026-04-10 13:01:00-04:00,350.360107421875,350.5799865722656,350.239990234375,350.2650146484375,4185,0.0,0.0,ADI,1m
2026-04-10 13:02:00-04:00,350.2300109863281,350.2799987792969,350.07330322265625,350.260009765625,4213,0.0,0.0,ADI,1m
2026-04-10 13:03:00-04:00,350.18499755859375,350.3399963378906,350.17999267578125,350.3399963378906,1839,0.0,0.0,ADI,1m
2026-04-10 13:04:00-04:00,350.4100036621094,350.42999267578125,350.4100036621094,350.42999267578125,903,0.0,0.0,ADI,1m
2026-04-10 13:05:00-04:00,350.2850036621094,350.4100036621094,350.2850036621094,350.4100036621094,1117,0.0,0.0,ADI,1m
2026-04-10 13:06:00-04:00,350.2900085449219,350.2900085449219,350.1499938964844,350.2149963378906,3190,0.0,0.0,ADI,1m
2026-04-10 13:07:00-04:00,350.1449890136719,350.1449890136719,350.1000061035156,350.125,1013,0.0,0.0,ADI,1m
2026-04-10 13:08:00-04:00,350.25,350.2900085449219,350.2300109863281,350.2300109863281,1914,0.0,0.0,ADI,1m
2026-04-10 13:09:00-04:00,350.20001220703125,350.3500061035156,350.20001220703125,350.3500061035156,712,0.0,0.0,ADI,1m
2026-04-10 13:10:00-04:00,350.19000244140625,350.19000244140625,350.0400085449219,350.07501220703125,4062,0.0,0.0,ADI,1m
2026-04-10 13:11:00-04:00,350.05999755859375,350.05999755859375,349.9549865722656,349.9549865722656,577,0.0,0.0,ADI,1m
2026-04-10 13:12:00-04:00,350.1099853515625,350.1400146484375,350.0050048828125,350.1099853515625,1371,0.0,0.0,ADI,1m
2026-04-10 13:13:00-04:00,350.0,350.1400146484375,350.0,350.1400146484375,2133,0.0,0.0,ADI,1m
2026-04-10 13:14:00-04:00,350.0950012207031,350.20001220703125,350.0101013183594,350.114990234375,3578,0.0,0.0,ADI,1m
2026-04-10 13:15:00-04:00,350.0450134277344,350.0450134277344,349.989990234375,349.989990234375,2812,0.0,0.0,ADI,1m
2026-04-10 13:16:00-04:00,349.94500732421875,349.94500732421875,349.94500732421875,349.94500732421875,613,0.0,0.0,ADI,1m
2026-04-10 13:17:00-04:00,350.0400085449219,350.0400085449219,350.0400085449219,350.0400085449219,238,0.0,0.0,ADI,1m
2026-04-10 13:18:00-04:00,350.1199951171875,350.1199951171875,349.80340576171875,349.80340576171875,2118,0.0,0.0,ADI,1m
2026-04-10 13:19:00-04:00,349.9549865722656,349.9549865722656,349.9549865722656,349.9549865722656,871,0.0,0.0,ADI,1m
2026-04-10 13:20:00-04:00,349.9549865722656,349.9599914550781,349.9549865722656,349.9599914550781,1792,0.0,0.0,ADI,1m
2026-04-10 13:21:00-04:00,349.9599914550781,349.9599914550781,349.9599914550781,349.9599914550781,386,0.0,0.0,ADI,1m
2026-04-10 13:22:00-04:00,349.9599914550781,349.9599914550781,349.6199951171875,349.6199951171875,6607,0.0,0.0,ADI,1m
2026-04-10 13:25:00-04:00,349.9700012207031,349.9700012207031,349.8450012207031,349.8500061035156,793,0.0,0.0,ADI,1m
2026-04-10 13:26:00-04:00,349.8500061035156,349.8599853515625,349.8500061035156,349.8599853515625,1093,0.0,0.0,ADI,1m
2026-04-10 13:27:00-04:00,349.8599853515625,350.0199890136719,349.7099914550781,349.7099914550781,3562,0.0,0.0,ADI,1m
2026-04-10 13:28:00-04:00,349.6700134277344,349.92999267578125,349.6650085449219,349.92999267578125,3990,0.0,0.0,ADI,1m
2026-04-10 13:29:00-04:00,349.9800109863281,350.0299987792969,349.9049987792969,350.0299987792969,2120,0.0,0.0,ADI,1m
2026-04-10 13:30:00-04:00,350.0199890136719,350.1499938964844,350.0050048828125,350.07501220703125,2764,0.0,0.0,ADI,1m
2026-04-10 13:31:00-04:00,350.125,350.25,350.125,350.25,1487,0.0,0.0,ADI,1m
2026-04-10 13:32:00-04:00,350.25,350.375,350.25,350.375,2532,0.0,0.0,ADI,1m
2026-04-10 13:33:00-04:00,350.45001220703125,350.45001220703125,350.42999267578125,350.42999267578125,2255,0.0,0.0,ADI,1m
2026-04-10 13:35:00-04:00,350.6499938964844,350.6499938964844,350.6499938964844,350.6499938964844,740,0.0,0.0,ADI,1m
2026-04-10 13:36:00-04:00,350.6000061035156,350.6000061035156,350.4599914550781,350.5199890136719,4622,0.0,0.0,ADI,1m
2026-04-10 13:37:00-04:00,350.510009765625,350.5972900390625,350.510009765625,350.5972900390625,2065,0.0,0.0,ADI,1m
2026-04-10 13:38:00-04:00,350.6400146484375,350.6400146484375,350.6400146484375,350.6400146484375,81,0.0,0.0,ADI,1m
2026-04-10 13:39:00-04:00,350.5249938964844,350.5249938964844,350.5199890136719,350.5199890136719,2178,0.0,0.0,ADI,1m
2026-04-10 13:40:00-04:00,350.739990234375,350.75,350.6300048828125,350.6300048828125,2723,0.0,0.0,ADI,1m
2026-04-10 13:41:00-04:00,350.760009765625,350.7699890136719,350.760009765625,350.7699890136719,1679,0.0,0.0,ADI,1m
2026-04-10 13:42:00-04:00,350.7300109863281,350.82000732421875,350.7099914550781,350.80999755859375,2215,0.0,0.0,ADI,1m
2026-04-10 13:43:00-04:00,350.8699951171875,350.8699951171875,350.8699951171875,350.8699951171875,896,0.0,0.0,ADI,1m
2026-04-10 13:44:00-04:00,350.9700012207031,350.9700012207031,350.82000732421875,350.82000732421875,656,0.0,0.0,ADI,1m
2026-04-10 13:45:00-04:00,350.8399963378906,350.8399963378906,350.8399963378906,350.8399963378906,1128,0.0,0.0,ADI,1m
2026-04-10 13:46:00-04:00,350.864990234375,351.04998779296875,350.7900085449219,351.04998779296875,2623,0.0,0.0,ADI,1m
2026-04-10 13:47:00-04:00,351.0150146484375,351.0150146484375,351.0150146484375,351.0150146484375,464,0.0,0.0,ADI,1m
2026-04-10 13:48:00-04:00,351.0299987792969,351.1099853515625,351.0299987792969,351.1099853515625,2184,0.0,0.0,ADI,1m
2026-04-10 13:49:00-04:00,351.0350036621094,351.1400146484375,351.0350036621094,351.1400146484375,957,0.0,0.0,ADI,1m
2026-04-10 13:50:00-04:00,351.1199951171875,351.3500061035156,351.1199951171875,351.3500061035156,1697,0.0,0.0,ADI,1m
2026-04-10 13:51:00-04:00,351.2300109863281,351.2300109863281,351.2300109863281,351.2300109863281,1711,0.0,0.0,ADI,1m
2026-04-10 13:52:00-04:00,351.1400146484375,351.1400146484375,351.1400146484375,351.1400146484375,553,0.0,0.0,ADI,1m
2026-04-10 13:53:00-04:00,351.2499084472656,351.25,351.125,351.25,3933,0.0,0.0,ADI,1m
2026-04-10 13:54:00-04:00,351.1700134277344,351.2099914550781,351.1700134277344,351.2099914550781,2865,0.0,0.0,ADI,1m
2026-04-10 13:55:00-04:00,351.1050109863281,351.25,351.1050109863281,351.1300048828125,1398,0.0,0.0,ADI,1m
2026-04-10 13:56:00-04:00,351.1449890136719,351.1449890136719,351.1449890136719,351.1449890136719,1781,0.0,0.0,ADI,1m
2026-04-10 13:57:00-04:00,351.2200012207031,351.2200012207031,351.2200012207031,351.2200012207031,708,0.0,0.0,ADI,1m
2026-04-10 13:58:00-04:00,351.2699890136719,351.2699890136719,351.2149963378906,351.2149963378906,2235,0.0,0.0,ADI,1m
2026-04-10 13:59:00-04:00,351.1000061035156,351.2149963378906,351.1000061035156,351.2149963378906,1341,0.0,0.0,ADI,1m
2026-04-10 14:00:00-04:00,351.2149963378906,351.2149963378906,351.1199951171875,351.2149963378906,1687,0.0,0.0,ADI,1m
2026-04-10 14:01:00-04:00,351.2149963378906,351.2200012207031,351.1300048828125,351.1600036621094,6497,0.0,0.0,ADI,1m
2026-04-10 14:02:00-04:00,351.2200012207031,351.2200012207031,351.2200012207031,351.2200012207031,549,0.0,0.0,ADI,1m
2026-04-10 14:03:00-04:00,351.2200012207031,351.3299865722656,351.2200012207031,351.3299865722656,1627,0.0,0.0,ADI,1m
2026-04-10 14:04:00-04:00,351.32000732421875,351.32000732421875,351.1099853515625,351.19000244140625,6495,0.0,0.0,ADI,1m
2026-04-10 14:05:00-04:00,351.19000244140625,351.19000244140625,350.8900146484375,351.0281066894531,5636,0.0,0.0,ADI,1m
2026-04-10 14:06:00-04:00,351.0799865722656,351.1000061035156,351.05999755859375,351.05999755859375,1025,0.0,0.0,ADI,1m
2026-04-10 14:07:00-04:00,351.06500244140625,351.07000732421875,351.06500244140625,351.07000732421875,1237,0.0,0.0,ADI,1m
2026-04-10 14:08:00-04:00,351.06500244140625,351.20001220703125,350.9414978027344,351.07501220703125,2391,0.0,0.0,ADI,1m
2026-04-10 14:09:00-04:00,351.07501220703125,351.20001220703125,351.05499267578125,351.05999755859375,1579,0.0,0.0,ADI,1m
2026-04-10 14:10:00-04:00,351.05999755859375,351.19000244140625,351.0450134277344,351.0450134277344,1833,0.0,0.0,ADI,1m
2026-04-10 14:11:00-04:00,351.17999267578125,351.2749938964844,351.1499938964844,351.2749938964844,2864,0.0,0.0,ADI,1m
2026-04-10 14:12:00-04:00,351.2699890136719,351.2699890136719,351.1199951171875,351.1199951171875,870,0.0,0.0,ADI,1m
2026-04-10 14:13:00-04:00,351.239990234375,351.260009765625,351.239990234375,351.260009765625,315,0.0,0.0,ADI,1m
2026-04-10 14:14:00-04:00,351.2449951171875,351.2449951171875,351.2449951171875,351.2449951171875,719,0.0,0.0,ADI,1m
2026-04-10 14:15:00-04:00,351.2449951171875,351.3299865722656,351.1600036621094,351.2049865722656,3003,0.0,0.0,ADI,1m
2026-04-10 14:16:00-04:00,351.2049865722656,351.2049865722656,351.1199951171875,351.1300048828125,3996,0.0,0.0,ADI,1m
2026-04-10 14:17:00-04:00,351.20001220703125,351.20001220703125,351.1416931152344,351.19500732421875,1620,0.0,0.0,ADI,1m
2026-04-10 14:18:00-04:00,351.19500732421875,351.29998779296875,351.19500732421875,351.2749938964844,2904,0.0,0.0,ADI,1m
2026-04-10 14:19:00-04:00,351.2349853515625,351.3500061035156,351.2349853515625,351.2749938964844,1575,0.0,0.0,ADI,1m
2026-04-10 14:20:00-04:00,351.2749938964844,351.3900146484375,351.239990234375,351.3699951171875,3689,0.0,0.0,ADI,1m
2026-04-10 14:21:00-04:00,351.364990234375,351.364990234375,351.19000244140625,351.2799987792969,4121,0.0,0.0,ADI,1m
2026-04-10 14:22:00-04:00,351.2699890136719,351.2699890136719,351.2699890136719,351.2699890136719,235,0.0,0.0,ADI,1m
2026-04-10 14:23:00-04:00,351.3900146484375,351.4100036621094,351.30999755859375,351.30999755859375,856,0.0,0.0,ADI,1m
2026-04-10 14:24:00-04:00,351.30999755859375,351.30999755859375,351.30999755859375,351.30999755859375,699,0.0,0.0,ADI,1m
2026-04-10 14:25:00-04:00,351.30499267578125,351.30499267578125,351.1400146484375,351.2749938964844,2489,0.0,0.0,ADI,1m
2026-04-10 14:26:00-04:00,351.2749938964844,351.2749938964844,351.1199951171875,351.2749938964844,1170,0.0,0.0,ADI,1m
2026-04-10 14:27:00-04:00,351.2749938964844,351.2749938964844,350.9100036621094,351.1099853515625,7276,0.0,0.0,ADI,1m
2026-04-10 14:28:00-04:00,351.0299987792969,351.1899108886719,350.9750061035156,350.9750061035156,934,0.0,0.0,ADI,1m
2026-04-10 14:29:00-04:00,350.95001220703125,351.04998779296875,350.95001220703125,351.04998779296875,548,0.0,0.0,ADI,1m
2026-04-10 14:30:00-04:00,350.94000244140625,350.94000244140625,350.9150085449219,350.92999267578125,1414,0.0,0.0,ADI,1m
2026-04-10 14:31:00-04:00,350.9200134277344,350.9750061035156,350.7431945800781,350.82000732421875,6634,0.0,0.0,ADI,1m
2026-04-10 14:32:00-04:00,350.8800048828125,350.8800048828125,350.6400146484375,350.6650085449219,3255,0.0,0.0,ADI,1m
2026-04-10 14:33:00-04:00,350.6600036621094,350.6600036621094,350.6600036621094,350.6600036621094,115,0.0,0.0,ADI,1m
2026-04-10 14:34:00-04:00,350.6650085449219,350.8500061035156,350.6650085449219,350.8500061035156,2199,0.0,0.0,ADI,1m
2026-04-10 14:35:00-04:00,350.7749938964844,350.7749938964844,350.7699890136719,350.7699890136719,731,0.0,0.0,ADI,1m
2026-04-10 14:36:00-04:00,350.8999938964844,350.8999938964844,350.8399963378906,350.8399963378906,2240,0.0,0.0,ADI,1m
2026-04-10 14:38:00-04:00,350.739990234375,350.864990234375,350.739990234375,350.760009765625,2799,0.0,0.0,ADI,1m
2026-04-10 14:39:00-04:00,350.760009765625,350.8900146484375,350.760009765625,350.7650146484375,1603,0.0,0.0,ADI,1m
2026-04-10 14:40:00-04:00,350.760009765625,350.760009765625,350.6200866699219,350.6200866699219,688,0.0,0.0,ADI,1m
2026-04-10 14:41:00-04:00,350.6199951171875,350.6300048828125,350.19000244140625,350.2799987792969,5407,0.0,0.0,ADI,1m
2026-04-10 14:42:00-04:00,350.2099914550781,350.2099914550781,349.92999267578125,350.05999755859375,2947,0.0,0.0,ADI,1m
2026-04-10 14:43:00-04:00,349.92999267578125,350.010009765625,349.8500061035156,349.9700012207031,2398,0.0,0.0,ADI,1m
2026-04-10 14:44:00-04:00,350.17999267578125,350.510009765625,350.07501220703125,350.4150085449219,7128,0.0,0.0,ADI,1m
2026-04-10 14:45:00-04:00,350.3900146484375,350.5799865722656,350.3900146484375,350.4100036621094,3919,0.0,0.0,ADI,1m
2026-04-10 14:46:00-04:00,350.4100036621094,350.75,350.4100036621094,350.75,4616,0.0,0.0,ADI,1m
2026-04-10 14:47:00-04:00,350.739990234375,350.8699951171875,350.6099853515625,350.6700134277344,13345,0.0,0.0,ADI,1m
2026-04-10 14:48:00-04:00,350.4949951171875,350.8399963378906,350.4949951171875,350.6449890136719,3906,0.0,0.0,ADI,1m
2026-04-10 14:49:00-04:00,350.8299865722656,350.8299865722656,350.6499938964844,350.6499938964844,1402,0.0,0.0,ADI,1m
2026-04-10 14:50:00-04:00,350.6400146484375,350.6400146484375,350.6400146484375,350.6400146484375,538,0.0,0.0,ADI,1m
2026-04-10 14:51:00-04:00,350.6449890136719,350.6449890136719,350.6449890136719,350.6449890136719,1314,0.0,0.0,ADI,1m
2026-04-10 14:52:00-04:00,350.6449890136719,350.7149963378906,350.5,350.7149963378906,2338,0.0,0.0,ADI,1m
2026-04-10 14:53:00-04:00,350.7149963378906,350.9800109863281,350.7149963378906,350.8500061035156,5148,0.0,0.0,ADI,1m
2026-04-10 14:54:00-04:00,350.8299865722656,351.0299987792969,350.8299865722656,351.0299987792969,2056,0.0,0.0,ADI,1m
2026-04-10 14:55:00-04:00,351.1499938964844,351.1499938964844,351.0299987792969,351.0299987792969,491,0.0,0.0,ADI,1m
2026-04-10 14:56:00-04:00,351.0299987792969,351.0299987792969,351.0050048828125,351.0050048828125,1419,0.0,0.0,ADI,1m
2026-04-10 14:57:00-04:00,351.0050048828125,351.0050048828125,350.80499267578125,350.864990234375,3039,0.0,0.0,ADI,1m
2026-04-10 14:58:00-04:00,350.885009765625,350.885009765625,350.7300109863281,350.7300109863281,2869,0.0,0.0,ADI,1m
2026-04-10 14:59:00-04:00,350.79998779296875,350.79998779296875,350.43499755859375,350.4949951171875,3297,0.0,0.0,ADI,1m
2026-04-10 15:00:00-04:00,350.489990234375,350.5899963378906,350.4599914550781,350.5400085449219,3803,0.0,0.0,ADI,1m
2026-04-10 15:01:00-04:00,350.5299987792969,350.57000732421875,350.5299987792969,350.57000732421875,1325,0.0,0.0,ADI,1m
2026-04-10 15:02:00-04:00,350.4100036621094,350.5050048828125,350.4100036621094,350.5050048828125,1696,0.0,0.0,ADI,1m
2026-04-10 15:03:00-04:00,350.5050048828125,350.5050048828125,350.3900146484375,350.5050048828125,1780,0.0,0.0,ADI,1m
2026-04-10 15:04:00-04:00,350.3900146484375,350.45001220703125,350.29998779296875,350.45001220703125,3750,0.0,0.0,ADI,1m
2026-04-10 15:05:00-04:00,350.29998779296875,350.3900146484375,350.29998779296875,350.29998779296875,1669,0.0,0.0,ADI,1m
2026-04-10 15:06:00-04:00,350.29998779296875,350.29998779296875,350.1700134277344,350.2850036621094,2189,0.0,0.0,ADI,1m
2026-04-10 15:07:00-04:00,350.4200134277344,350.43499755859375,350.4200134277344,350.43499755859375,2589,0.0,0.0,ADI,1m
2026-04-10 15:08:00-04:00,350.44000244140625,350.57000732421875,350.4200134277344,350.4700012207031,3412,0.0,0.0,ADI,1m
2026-04-10 15:09:00-04:00,350.4700012207031,350.57000732421875,350.4700012207031,350.57000732421875,1013,0.0,0.0,ADI,1m
2026-04-10 15:10:00-04:00,350.5350036621094,350.7699890136719,350.5350036621094,350.6400146484375,6406,0.0,0.0,ADI,1m
2026-04-10 15:11:00-04:00,350.6499938964844,350.6499938964844,350.510009765625,350.625,3130,0.0,0.0,ADI,1m
2026-04-10 15:13:00-04:00,350.6499938964844,350.80999755859375,350.625,350.7300109863281,10607,0.0,0.0,ADI,1m
2026-04-10 15:14:00-04:00,350.7300109863281,350.82000732421875,350.6400146484375,350.74749755859375,10064,0.0,0.0,ADI,1m
2026-04-10 15:15:00-04:00,350.82000732421875,350.8399963378906,350.6925048828125,350.82000732421875,4711,0.0,0.0,ADI,1m
2026-04-10 15:16:00-04:00,350.7099914550781,350.9100036621094,350.6400146484375,350.8500061035156,8870,0.0,0.0,ADI,1m
2026-04-10 15:17:00-04:00,350.9800109863281,351.1499938964844,350.9800109863281,351.0199890136719,2023,0.0,0.0,ADI,1m
2026-04-10 15:18:00-04:00,351.0450134277344,351.0450134277344,351.0400085449219,351.0400085449219,1735,0.0,0.0,ADI,1m
2026-04-10 15:19:00-04:00,351.1700134277344,351.1700134277344,351.07000732421875,351.135009765625,4469,0.0,0.0,ADI,1m
2026-04-10 15:20:00-04:00,351.135009765625,351.2799987792969,351.135009765625,351.25,1686,0.0,0.0,ADI,1m
2026-04-10 15:21:00-04:00,351.3399963378906,351.3399963378906,351.1499938964844,351.25,3248,0.0,0.0,ADI,1m
2026-04-10 15:22:00-04:00,351.17999267578125,351.17999267578125,351.17498779296875,351.17498779296875,986,0.0,0.0,ADI,1m
2026-04-10 15:23:00-04:00,351.1549987792969,351.2300109863281,351.1000061035156,351.1000061035156,2034,0.0,0.0,ADI,1m
2026-04-10 15:24:00-04:00,351.1499938964844,351.2300109863281,351.1000061035156,351.1499938964844,2255,0.0,0.0,ADI,1m
2026-04-10 15:25:00-04:00,351.1000061035156,351.1000061035156,350.9750061035156,351.0249938964844,3880,0.0,0.0,ADI,1m
2026-04-10 15:26:00-04:00,351.0199890136719,351.0249938964844,351.0199890136719,351.0199890136719,1858,0.0,0.0,ADI,1m
2026-04-10 15:27:00-04:00,350.9800109863281,351.1099853515625,350.9800109863281,351.0249938964844,2862,0.0,0.0,ADI,1m
2026-04-10 15:28:00-04:00,351.0150146484375,351.0150146484375,350.82501220703125,350.82501220703125,5388,0.0,0.0,ADI,1m
2026-04-10 15:29:00-04:00,350.81500244140625,350.9200134277344,350.81500244140625,350.9200134277344,2916,0.0,0.0,ADI,1m
2026-04-10 15:30:00-04:00,350.8500061035156,350.8699951171875,350.6700134277344,350.6700134277344,7293,0.0,0.0,ADI,1m
2026-04-10 15:31:00-04:00,350.6650085449219,350.760009765625,350.5799865722656,350.7250061035156,3149,0.0,0.0,ADI,1m
2026-04-10 15:32:00-04:00,350.7200012207031,350.7650146484375,350.5899963378906,350.6700134277344,9024,0.0,0.0,ADI,1m
2026-04-10 15:33:00-04:00,350.6700134277344,350.8349914550781,350.5899963378906,350.79998779296875,12722,0.0,0.0,ADI,1m
2026-04-10 15:34:00-04:00,350.7099914550781,350.7149963378906,350.5799865722656,350.5975036621094,14056,0.0,0.0,ADI,1m
2026-04-10 15:35:00-04:00,350.6199951171875,350.635009765625,350.3699951171875,350.4150085449219,5043,0.0,0.0,ADI,1m
2026-04-10 15:36:00-04:00,350.1700134277344,350.4049987792969,350.1700134277344,350.30499267578125,3910,0.0,0.0,ADI,1m
2026-04-10 15:37:00-04:00,350.4599914550781,350.4599914550781,350.07501220703125,350.1449890136719,11467,0.0,0.0,ADI,1m
2026-04-10 15:38:00-04:00,350.125,350.3450012207031,350.0899963378906,350.2049865722656,6834,0.0,0.0,ADI,1m
2026-04-10 15:39:00-04:00,350.2049865722656,350.2049865722656,350.07000732421875,350.1449890136719,3714,0.0,0.0,ADI,1m
2026-04-10 15:40:00-04:00,350.1449890136719,350.1449890136719,349.9599914550781,350.010009765625,5395,0.0,0.0,ADI,1m
2026-04-10 15:41:00-04:00,349.95001220703125,350.1600036621094,349.75,350.1600036621094,6055,0.0,0.0,ADI,1m
2026-04-10 15:42:00-04:00,350.125,350.17498779296875,350.0050048828125,350.1000061035156,4181,0.0,0.0,ADI,1m
2026-04-10 15:43:00-04:00,349.9200134277344,350.0,349.8900146484375,349.989990234375,7953,0.0,0.0,ADI,1m
2026-04-10 15:44:00-04:00,350.0545959472656,350.2900085449219,349.9949951171875,350.1099853515625,8799,0.0,0.0,ADI,1m
2026-04-10 15:45:00-04:00,350.2099914550781,350.3800048828125,350.2099914550781,350.30999755859375,4320,0.0,0.0,ADI,1m
2026-04-10 15:46:00-04:00,350.2749938964844,350.3599853515625,350.20001220703125,350.2099914550781,8283,0.0,0.0,ADI,1m
2026-04-10 15:47:00-04:00,350.2650146484375,350.2699890136719,350.17999267578125,350.2699890136719,4395,0.0,0.0,ADI,1m
2026-04-10 15:48:00-04:00,350.2699890136719,350.2699890136719,350.1499938964844,350.17999267578125,9455,0.0,0.0,ADI,1m
2026-04-10 15:49:00-04:00,350.125,350.2200012207031,350.125,350.1700134277344,4951,0.0,0.0,ADI,1m
2026-04-10 15:50:00-04:00,350.2799987792969,350.7850036621094,350.2799987792969,350.32000732421875,25984,0.0,0.0,ADI,1m
2026-04-10 15:51:00-04:00,350.3599853515625,350.67999267578125,350.3599853515625,350.5950012207031,8203,0.0,0.0,ADI,1m
2026-04-10 15:52:00-04:00,350.4700012207031,350.5150146484375,350.19000244140625,350.19000244140625,10167,0.0,0.0,ADI,1m
2026-04-10 15:53:00-04:00,350.2799987792969,350.2799987792969,350.08099365234375,350.2250061035156,8602,0.0,0.0,ADI,1m
2026-04-10 15:54:00-04:00,350.1400146484375,350.3399963378906,350.1099853515625,350.2200012207031,11402,0.0,0.0,ADI,1m
2026-04-10 15:55:00-04:00,350.1300048828125,350.2250061035156,349.6199951171875,349.7749938964844,34068,0.0,0.0,ADI,1m
2026-04-10 15:56:00-04:00,349.7749938964844,349.9200134277344,349.6600036621094,349.70001220703125,27224,0.0,0.0,ADI,1m
2026-04-10 15:57:00-04:00,349.70001220703125,350.20001220703125,349.70001220703125,350.1050109863281,26527,0.0,0.0,ADI,1m
2026-04-10 15:58:00-04:00,350.1400146484375,350.2650146484375,350.010009765625,350.2449951171875,39416,0.0,0.0,ADI,1m
2026-04-10 15:59:00-04:00,350.2300109863281,350.30999755859375,350.0450134277344,350.2799987792969,75606,0.0,0.0,ADI,1m
2026-04-13 09:30:00-04:00,348.69000244140625,349.4800109863281,348.0400085449219,349.0400085449219,34805,0.0,0.0,ADI,1m
2026-04-13 09:31:00-04:00,349.3500061035156,349.3999938964844,348.67999267578125,349.19000244140625,12904,0.0,0.0,ADI,1m
2026-04-13 09:32:00-04:00,348.9700012207031,349.260009765625,348.6424865722656,348.8599853515625,13178,0.0,0.0,ADI,1m
2026-04-13 09:33:00-04:00,349.0,349.0,347.9800109863281,347.9800109863281,30574,0.0,0.0,ADI,1m
2026-04-13 09:34:00-04:00,347.4700012207031,348.3299865722656,347.4700012207031,348.0,12000,0.0,0.0,ADI,1m
2026-04-13 09:35:00-04:00,348.05499267578125,348.3900146484375,348.04998779296875,348.3900146484375,5603,0.0,0.0,ADI,1m
2026-04-13 09:36:00-04:00,348.3999938964844,348.3999938964844,346.7799987792969,346.7799987792969,8965,0.0,0.0,ADI,1m
2026-04-13 09:37:00-04:00,347.1400146484375,347.1400146484375,346.3999938964844,346.80499267578125,9088,0.0,0.0,ADI,1m
2026-04-13 09:38:00-04:00,347.1300048828125,347.1300048828125,347.0,347.0,714,0.0,0.0,ADI,1m
2026-04-13 09:39:00-04:00,347.0,347.0400085449219,346.4800109863281,346.875,4948,0.0,0.0,ADI,1m
2026-04-13 09:40:00-04:00,346.6600036621094,347.010009765625,346.6600036621094,346.8450012207031,2574,0.0,0.0,ADI,1m
2026-04-13 09:41:00-04:00,346.67999267578125,346.67999267578125,345.75,346.0350036621094,5062,0.0,0.0,ADI,1m
2026-04-13 09:42:00-04:00,345.67999267578125,346.1400146484375,345.67999267578125,345.9800109863281,4100,0.0,0.0,ADI,1m
2026-04-13 09:43:00-04:00,345.8699951171875,346.510009765625,345.8699951171875,346.2860107421875,3943,0.0,0.0,ADI,1m
2026-04-13 09:44:00-04:00,346.6400146484375,346.8699951171875,345.7650146484375,346.2799987792969,6468,0.0,0.0,ADI,1m
2026-04-13 09:45:00-04:00,345.82501220703125,345.8399963378906,345.4599914550781,345.6449890136719,3617,0.0,0.0,ADI,1m
2026-04-13 09:46:00-04:00,345.802001953125,345.95001220703125,344.4700012207031,344.9549865722656,7592,0.0,0.0,ADI,1m
2026-04-13 09:47:00-04:00,344.9649963378906,345.1400146484375,344.80999755859375,345.1400146484375,4327,0.0,0.0,ADI,1m
2026-04-13 09:48:00-04:00,345.29998779296875,346.1499938964844,345.29998779296875,346.1499938964844,3458,0.0,0.0,ADI,1m
2026-04-13 09:49:00-04:00,346.1400146484375,346.739990234375,346.1300048828125,346.739990234375,2561,0.0,0.0,ADI,1m
2026-04-13 09:50:00-04:00,346.6300048828125,346.6499938964844,346.2950134277344,346.6499938964844,1406,0.0,0.0,ADI,1m
2026-04-13 09:51:00-04:00,346.1199951171875,346.1199951171875,345.7099914550781,345.7099914550781,2259,0.0,0.0,ADI,1m
2026-04-13 09:52:00-04:00,345.635009765625,346.010009765625,345.635009765625,345.7749938964844,3786,0.0,0.0,ADI,1m
2026-04-13 09:53:00-04:00,346.1099853515625,346.1099853515625,345.42999267578125,345.6400146484375,4370,0.0,0.0,ADI,1m
2026-04-13 09:54:00-04:00,345.42999267578125,345.7200012207031,345.3800048828125,345.42999267578125,5867,0.0,0.0,ADI,1m
2026-04-13 09:55:00-04:00,345.5,345.5,344.7799987792969,344.8450012207031,4116,0.0,0.0,ADI,1m
2026-04-13 09:56:00-04:00,344.8900146484375,344.9100036621094,344.8900146484375,344.9100036621094,1243,0.0,0.0,ADI,1m
2026-04-13 09:57:00-04:00,344.9100036621094,344.9100036621094,344.9100036621094,344.9100036621094,3447,0.0,0.0,ADI,1m
2026-04-13 09:58:00-04:00,345.7349853515625,345.7349853515625,345.7349853515625,345.7349853515625,1121,0.0,0.0,ADI,1m
2026-04-13 09:59:00-04:00,345.8599853515625,345.8800048828125,345.7099914550781,345.739990234375,5222,0.0,0.0,ADI,1m
2026-04-13 10:00:00-04:00,345.760009765625,345.875,345.6099853515625,345.8399963378906,3658,0.0,0.0,ADI,1m
2026-04-13 10:01:00-04:00,345.7049865722656,345.8599853515625,345.1650085449219,345.3599853515625,5616,0.0,0.0,ADI,1m
2026-04-13 10:02:00-04:00,344.7300109863281,344.7300109863281,344.0,344.3399963378906,5537,0.0,0.0,ADI,1m
2026-04-13 10:03:00-04:00,344.2699890136719,344.7799987792969,344.2699890136719,344.7799987792969,3057,0.0,0.0,ADI,1m
2026-04-13 10:04:00-04:00,345.3500061035156,345.6098937988281,345.3500061035156,345.6098937988281,781,0.0,0.0,ADI,1m
2026-04-13 10:05:00-04:00,345.43499755859375,345.43499755859375,345.0249938964844,345.0249938964844,2086,0.0,0.0,ADI,1m
2026-04-13 10:06:00-04:00,344.82000732421875,345.2900085449219,344.42999267578125,345.2900085449219,3852,0.0,0.0,ADI,1m
2026-04-13 10:07:00-04:00,345.3550109863281,346.1549987792969,345.3450012207031,346.1549987792969,72574,0.0,0.0,ADI,1m
2026-04-13 10:08:00-04:00,346.1449890136719,346.15850830078125,345.8999938964844,346.15850830078125,2292,0.0,0.0,ADI,1m
2026-04-13 10:09:00-04:00,346.06500244140625,346.3059997558594,346.06500244140625,346.260009765625,1822,0.0,0.0,ADI,1m
2026-04-13 10:10:00-04:00,345.8900146484375,346.04998779296875,344.864990234375,344.864990234375,4524,0.0,0.0,ADI,1m
2026-04-13 10:11:00-04:00,344.7699890136719,345.2799987792969,344.7699890136719,345.2300109863281,5494,0.0,0.0,ADI,1m
2026-04-13 10:12:00-04:00,345.42999267578125,345.5899963378906,345.42999267578125,345.55999755859375,3278,0.0,0.0,ADI,1m
2026-04-13 10:13:00-04:00,345.5299987792969,345.5899963378906,345.3699951171875,345.5899963378906,3057,0.0,0.0,ADI,1m
2026-04-13 10:14:00-04:00,345.6400146484375,345.8349914550781,345.4750061035156,345.4750061035156,4697,0.0,0.0,ADI,1m
2026-04-13 10:15:00-04:00,345.55499267578125,345.6499938964844,345.55499267578125,345.635009765625,3052,0.0,0.0,ADI,1m
2026-04-13 10:16:00-04:00,345.739990234375,345.739990234375,345.4700012207031,345.4700012207031,3134,0.0,0.0,ADI,1m
2026-04-13 10:17:00-04:00,345.67999267578125,345.75,345.6000061035156,345.6300048828125,3225,0.0,0.0,ADI,1m
2026-04-13 10:18:00-04:00,345.69500732421875,345.79998779296875,345.6099853515625,345.7250061035156,2559,0.0,0.0,ADI,1m
2026-04-13 10:19:00-04:00,345.6700134277344,345.8699951171875,345.6000061035156,345.8299865722656,3496,0.0,0.0,ADI,1m
2026-04-13 10:20:00-04:00,345.95001220703125,346.1099853515625,345.92999267578125,345.92999267578125,4390,0.0,0.0,ADI,1m
2026-04-13 10:21:00-04:00,345.9549865722656,346.1199951171875,345.7550048828125,346.0799865722656,5738,0.0,0.0,ADI,1m
2026-04-13 10:22:00-04:00,346.0199890136719,346.0199890136719,345.7799987792969,345.7799987792969,4006,0.0,0.0,ADI,1m
2026-04-13 10:23:00-04:00,345.17498779296875,345.4100036621094,345.17498779296875,345.35400390625,1325,0.0,0.0,ADI,1m
2026-04-13 10:24:00-04:00,345.2799987792969,345.5199890136719,345.2799987792969,345.5199890136719,1911,0.0,0.0,ADI,1m
2026-04-13 10:25:00-04:00,345.45001220703125,345.6000061035156,345.2900085449219,345.6000061035156,5088,0.0,0.0,ADI,1m
2026-04-13 10:26:00-04:00,345.6300048828125,345.6300048828125,345.19500732421875,345.2749938964844,3730,0.0,0.0,ADI,1m
2026-04-13 10:27:00-04:00,345.2749938964844,345.3800048828125,345.25,345.32000732421875,2739,0.0,0.0,ADI,1m
2026-04-13 10:28:00-04:00,345.2799987792969,345.2950134277344,345.05999755859375,345.05999755859375,3011,0.0,0.0,ADI,1m
2026-04-13 10:29:00-04:00,345.1000061035156,345.3399963378906,345.1000061035156,345.3399963378906,3711,0.0,0.0,ADI,1m
2026-04-13 10:30:00-04:00,345.2749938964844,345.2749938964844,345.0899963378906,345.20001220703125,2140,0.0,0.0,ADI,1m
2026-04-13 10:31:00-04:00,345.20001220703125,345.3599853515625,345.1199951171875,345.3399963378906,1709,0.0,0.0,ADI,1m
2026-04-13 10:32:00-04:00,345.4599914550781,345.4949951171875,345.26910400390625,345.2799987792969,2421,0.0,0.0,ADI,1m
2026-04-13 10:33:00-04:00,345.2900085449219,345.3800048828125,345.2900085449219,345.3800048828125,837,0.0,0.0,ADI,1m
2026-04-13 10:34:00-04:00,345.25,345.6400146484375,345.25,345.57000732421875,2524,0.0,0.0,ADI,1m
2026-04-13 10:35:00-04:00,345.4700012207031,345.67999267578125,345.4700012207031,345.55999755859375,3435,0.0,0.0,ADI,1m
2026-04-13 10:36:00-04:00,345.5,345.67999267578125,345.4700012207031,345.67999267578125,6284,0.0,0.0,ADI,1m
2026-04-13 10:37:00-04:00,345.6400146484375,345.7799987792969,345.5400085449219,345.5400085449219,2014,0.0,0.0,ADI,1m
2026-04-13 10:38:00-04:00,345.67498779296875,345.67498779296875,345.2099914550781,345.2300109863281,5182,0.0,0.0,ADI,1m
2026-04-13 10:39:00-04:00,345.1099853515625,345.2049865722656,345.1099853515625,345.1400146484375,1791,0.0,0.0,ADI,1m
2026-04-13 10:40:00-04:00,345.1400146484375,345.3900146484375,345.1400146484375,345.3900146484375,4646,0.0,0.0,ADI,1m
2026-04-13 10:41:00-04:00,345.2699890136719,345.42999267578125,345.1199951171875,345.2850036621094,3932,0.0,0.0,ADI,1m
2026-04-13 10:42:00-04:00,345.32000732421875,345.4200134277344,345.32000732421875,345.3299865722656,3632,0.0,0.0,ADI,1m
2026-04-13 10:43:00-04:00,345.29998779296875,345.29998779296875,345.0799865722656,345.2225036621094,5285,0.0,0.0,ADI,1m
2026-04-13 10:44:00-04:00,345.239990234375,345.6400146484375,345.239990234375,345.6400146484375,6564,0.0,0.0,ADI,1m
2026-04-13 10:45:00-04:00,345.614990234375,345.8900146484375,345.6099853515625,345.7349853515625,6233,0.0,0.0,ADI,1m
2026-04-13 10:46:00-04:00,345.4200134277344,345.4200134277344,344.7850036621094,344.7850036621094,9249,0.0,0.0,ADI,1m
2026-04-13 10:47:00-04:00,344.49591064453125,344.989990234375,344.49591064453125,344.9049987792969,6498,0.0,0.0,ADI,1m
2026-04-13 10:48:00-04:00,344.8299865722656,345.0150146484375,344.760009765625,344.95001220703125,6093,0.0,0.0,ADI,1m
2026-04-13 10:49:00-04:00,344.9549865722656,344.9649963378906,344.9549865722656,344.9649963378906,2196,0.0,0.0,ADI,1m
2026-04-13 10:50:00-04:00,344.9649963378906,344.9649963378906,344.6549987792969,344.760009765625,4612,0.0,0.0,ADI,1m
2026-04-13 10:51:00-04:00,344.6499938964844,344.7900085449219,344.614990234375,344.7900085449219,2558,0.0,0.0,ADI,1m
2026-04-13 10:52:00-04:00,344.8949890136719,344.94500732421875,344.8900146484375,344.94500732421875,1444,0.0,0.0,ADI,1m
2026-04-13 10:53:00-04:00,344.8299865722656,344.8900146484375,344.68499755859375,344.8299865722656,4275,0.0,0.0,ADI,1m
2026-04-13 10:54:00-04:00,344.8299865722656,344.8349914550781,344.70001220703125,344.8349914550781,2169,0.0,0.0,ADI,1m
2026-04-13 10:55:00-04:00,344.67999267578125,344.8349914550781,344.6700134277344,344.7799987792969,2529,0.0,0.0,ADI,1m
2026-04-13 10:56:00-04:00,344.7799987792969,344.9100036621094,344.6400146484375,344.7099914550781,5544,0.0,0.0,ADI,1m
2026-04-13 10:57:00-04:00,344.9100036621094,345.0199890136719,344.8550109863281,344.8550109863281,2122,0.0,0.0,ADI,1m
2026-04-13 10:58:00-04:00,345.0299987792969,345.1449890136719,345.0299987792969,345.1449890136719,4117,0.0,0.0,ADI,1m
2026-04-13 10:59:00-04:00,345.1449890136719,345.1449890136719,344.8800048828125,344.8800048828125,2954,0.0,0.0,ADI,1m
2026-04-13 11:00:00-04:00,344.80999755859375,344.8599853515625,344.0799865722656,344.0799865722656,4577,0.0,0.0,ADI,1m
2026-04-13 11:01:00-04:00,344.2099914550781,344.8800048828125,344.19500732421875,344.8800048828125,3538,0.0,0.0,ADI,1m
2026-04-13 11:02:00-04:00,344.9049987792969,344.9049987792969,344.69000244140625,344.69000244140625,935,0.0,0.0,ADI,1m
2026-04-13 11:03:00-04:00,344.6700134277344,344.8800048828125,344.6700134277344,344.8800048828125,1205,0.0,0.0,ADI,1m
2026-04-13 11:04:00-04:00,344.7250061035156,344.7680969238281,344.3999938964844,344.3999938964844,2416,0.0,0.0,ADI,1m
2026-04-13 11:05:00-04:00,344.5,344.5,344.364990234375,344.364990234375,3198,0.0,0.0,ADI,1m
2026-04-13 11:06:00-04:00,344.385009765625,344.385009765625,344.1000061035156,344.20001220703125,4166,0.0,0.0,ADI,1m
2026-04-13 11:07:00-04:00,344.32501220703125,344.32501220703125,344.32501220703125,344.32501220703125,596,0.0,0.0,ADI,1m
2026-04-13 11:08:00-04:00,344.32000732421875,344.32000732421875,344.1499938964844,344.2099914550781,1603,0.0,0.0,ADI,1m
2026-04-13 11:09:00-04:00,344.30999755859375,344.5199890136719,344.30999755859375,344.3450012207031,3565,0.0,0.0,ADI,1m
2026-04-13 11:10:00-04:00,344.489990234375,344.69000244140625,344.489990234375,344.635009765625,3709,0.0,0.0,ADI,1m
2026-04-13 11:11:00-04:00,344.6300048828125,344.7699890136719,344.6300048828125,344.6694030761719,2154,0.0,0.0,ADI,1m
2026-04-13 11:12:00-04:00,344.8399963378906,345.17999267578125,344.74749755859375,345.17999267578125,3488,0.0,0.0,ADI,1m
2026-04-13 11:13:00-04:00,345.1099853515625,345.1099853515625,344.82000732421875,344.82000732421875,1747,0.0,0.0,ADI,1m
2026-04-13 11:14:00-04:00,344.81500244140625,344.81500244140625,344.56500244140625,344.56500244140625,4393,0.0,0.0,ADI,1m
2026-04-13 11:15:00-04:00,344.56500244140625,344.69000244140625,344.4700012207031,344.6300048828125,6091,0.0,0.0,ADI,1m
2026-04-13 11:16:00-04:00,344.489990234375,344.6400146484375,344.4849853515625,344.4849853515625,1634,0.0,0.0,ADI,1m
2026-04-13 11:17:00-04:00,344.6400146484375,344.7900085449219,344.3900146484375,344.7900085449219,2126,0.0,0.0,ADI,1m
2026-04-13 11:18:00-04:00,344.7099914550781,344.8999938964844,344.5950012207031,344.7550048828125,2523,0.0,0.0,ADI,1m
2026-04-13 11:19:00-04:00,344.7699890136719,344.92999267578125,344.6300048828125,344.9100036621094,3667,0.0,0.0,ADI,1m
2026-04-13 11:20:00-04:00,344.7799987792969,345.6300048828125,344.7799987792969,345.6300048828125,5796,0.0,0.0,ADI,1m
2026-04-13 11:21:00-04:00,345.3949890136719,345.4049987792969,345.3949890136719,345.4049987792969,633,0.0,0.0,ADI,1m
2026-04-13 11:22:00-04:00,345.4049987792969,345.4049987792969,345.4049987792969,345.4049987792969,1850,0.0,0.0,ADI,1m
2026-04-13 11:23:00-04:00,345.07000732421875,345.19000244140625,345.07000732421875,345.19000244140625,1171,0.0,0.0,ADI,1m
2026-04-13 11:24:00-04:00,345.3299865722656,345.3450012207031,345.3299865722656,345.3450012207031,3521,0.0,0.0,ADI,1m
2026-04-13 11:25:00-04:00,345.2099914550781,345.2449951171875,345.0199890136719,345.2300109863281,8407,0.0,0.0,ADI,1m
2026-04-13 11:26:00-04:00,345.0199890136719,345.0199890136719,345.0199890136719,345.0199890136719,1118,0.0,0.0,ADI,1m
2026-04-13 11:27:00-04:00,345.04998779296875,345.1300048828125,344.95001220703125,344.95001220703125,1938,0.0,0.0,ADI,1m
2026-04-13 11:28:00-04:00,345.010009765625,345.1300048828125,344.9599914550781,344.9599914550781,4154,0.0,0.0,ADI,1m
2026-04-13 11:29:00-04:00,345.0299987792969,345.0799865722656,344.9100036621094,344.9150085449219,2572,0.0,0.0,ADI,1m
2026-04-13 11:30:00-04:00,344.95001220703125,344.95001220703125,344.7449951171875,344.7449951171875,2229,0.0,0.0,ADI,1m
2026-04-13 11:31:00-04:00,344.8056945800781,344.9200134277344,344.75,344.9200134277344,4587,0.0,0.0,ADI,1m
2026-04-13 11:32:00-04:00,344.8800048828125,344.95001220703125,344.81500244140625,344.81500244140625,3112,0.0,0.0,ADI,1m
2026-04-13 11:33:00-04:00,344.9200134277344,345.010009765625,344.9100036621094,345.010009765625,3792,0.0,0.0,ADI,1m
2026-04-13 11:34:00-04:00,344.9800109863281,345.0450134277344,344.42999267578125,344.6300048828125,5817,0.0,0.0,ADI,1m
2026-04-13 11:35:00-04:00,344.54998779296875,344.6700134277344,344.54998779296875,344.5950012207031,1336,0.0,0.0,ADI,1m
2026-04-13 11:36:00-04:00,344.6000061035156,344.6400146484375,344.239990234375,344.5799865722656,7110,0.0,0.0,ADI,1m
2026-04-13 11:37:00-04:00,344.54998779296875,344.82000732421875,344.40008544921875,344.625,3044,0.0,0.0,ADI,1m
2026-04-13 11:38:00-04:00,344.6400146484375,344.94000244140625,344.6400146484375,344.67999267578125,3302,0.0,0.0,ADI,1m
2026-04-13 11:39:00-04:00,344.67498779296875,344.67498779296875,344.5299987792969,344.6099853515625,2642,0.0,0.0,ADI,1m
2026-04-13 11:40:00-04:00,344.5950012207031,344.6499938964844,344.5950012207031,344.6499938964844,1344,0.0,0.0,ADI,1m
2026-04-13 11:41:00-04:00,344.6400146484375,344.739990234375,344.6099853515625,344.7099914550781,2558,0.0,0.0,ADI,1m
2026-04-13 11:42:00-04:00,344.5799865722656,344.79998779296875,344.54998779296875,344.79998779296875,4521,0.0,0.0,ADI,1m
2026-04-13 11:43:00-04:00,344.6050109863281,344.6050109863281,344.5799865722656,344.5799865722656,1197,0.0,0.0,ADI,1m
2026-04-13 11:44:00-04:00,344.5849914550781,344.5849914550781,344.5849914550781,344.5849914550781,796,0.0,0.0,ADI,1m
2026-04-13 11:45:00-04:00,344.5799865722656,344.8399963378906,344.5799865722656,344.81329345703125,3854,0.0,0.0,ADI,1m
2026-04-13 11:46:00-04:00,344.7799987792969,344.7799987792969,344.6300048828125,344.7049865722656,1690,0.0,0.0,ADI,1m
2026-04-13 11:47:00-04:00,344.7799987792969,344.7799987792969,344.6400146484375,344.7200012207031,2827,0.0,0.0,ADI,1m
2026-04-13 11:48:00-04:00,344.6000061035156,344.69500732421875,344.6000061035156,344.69500732421875,1160,0.0,0.0,ADI,1m
2026-04-13 11:49:00-04:00,344.5600891113281,344.69000244140625,344.5600891113281,344.6499938964844,1114,0.0,0.0,ADI,1m
2026-04-13 11:50:00-04:00,344.7300109863281,344.7900085449219,344.6549987792969,344.75,5857,0.0,0.0,ADI,1m
2026-04-13 11:51:00-04:00,344.82501220703125,344.82501220703125,344.5799865722656,344.5799865722656,2475,0.0,0.0,ADI,1m
2026-04-13 11:52:00-04:00,344.6650085449219,344.6650085449219,344.6650085449219,344.6650085449219,385,0.0,0.0,ADI,1m
2026-04-13 11:53:00-04:00,344.67498779296875,344.7699890136719,344.6000061035156,344.6000061035156,2574,0.0,0.0,ADI,1m
2026-04-13 11:54:00-04:00,344.6000061035156,344.7300109863281,344.4700012207031,344.4700012207031,2702,0.0,0.0,ADI,1m
2026-04-13 11:55:00-04:00,344.5350036621094,344.6099853515625,344.32501220703125,344.6099853515625,9015,0.0,0.0,ADI,1m
2026-04-13 11:56:00-04:00,344.5899963378906,344.5899963378906,344.56500244140625,344.56500244140625,1362,0.0,0.0,ADI,1m
2026-04-13 11:57:00-04:00,344.489990234375,344.6899108886719,344.4649963378906,344.6899108886719,1785,0.0,0.0,ADI,1m
2026-04-13 11:58:00-04:00,344.760009765625,344.760009765625,344.760009765625,344.760009765625,398,0.0,0.0,ADI,1m
2026-04-13 11:59:00-04:00,344.760009765625,344.9200134277344,344.760009765625,344.9200134277344,3337,0.0,0.0,ADI,1m
2026-04-13 12:00:00-04:00,344.8349914550781,344.8399963378906,344.8349914550781,344.8399963378906,1844,0.0,0.0,ADI,1m
2026-04-13 12:01:00-04:00,345.010009765625,345.010009765625,344.7049865722656,345.0,4655,0.0,0.0,ADI,1m
2026-04-13 12:02:00-04:00,344.8450012207031,344.8450012207031,344.7950134277344,344.7950134277344,2261,0.0,0.0,ADI,1m
2026-04-13 12:03:00-04:00,344.7850036621094,344.7850036621094,344.7850036621094,344.7850036621094,289,0.0,0.0,ADI,1m
2026-04-13 12:04:00-04:00,344.7850036621094,345.07989501953125,344.73419189453125,344.8450012207031,3256,0.0,0.0,ADI,1m
2026-04-13 12:05:00-04:00,344.8500061035156,344.8500061035156,344.8500061035156,344.8500061035156,1295,0.0,0.0,ADI,1m
2026-04-13 12:06:00-04:00,344.8550109863281,345.3800048828125,344.8550109863281,345.3800048828125,6662,0.0,0.0,ADI,1m
2026-04-13 12:07:00-04:00,345.2699890136719,345.2699890136719,345.1600036621094,345.17999267578125,2190,0.0,0.0,ADI,1m
2026-04-13 12:09:00-04:00,345.3699951171875,345.3699951171875,345.3699951171875,345.3699951171875,710,0.0,0.0,ADI,1m
2026-04-13 12:10:00-04:00,345.3500061035156,345.84991455078125,345.3500061035156,345.84991455078125,3462,0.0,0.0,ADI,1m
2026-04-13 12:12:00-04:00,345.8500061035156,345.8500061035156,345.7900085449219,345.7900085449219,2194,0.0,0.0,ADI,1m
2026-04-13 12:13:00-04:00,345.5,345.7300109863281,345.5,345.7300109863281,3762,0.0,0.0,ADI,1m
2026-04-13 12:14:00-04:00,345.81988525390625,345.82000732421875,345.81988525390625,345.82000732421875,1924,0.0,0.0,ADI,1m
2026-04-13 12:15:00-04:00,345.7900085449219,345.7900085449219,345.7900085449219,345.7900085449219,1381,0.0,0.0,ADI,1m
2026-04-13 12:16:00-04:00,345.7850036621094,345.7850036621094,345.7850036621094,345.7850036621094,254,0.0,0.0,ADI,1m
2026-04-13 12:17:00-04:00,345.7699890136719,345.7699890136719,345.7699890136719,345.7699890136719,796,0.0,0.0,ADI,1m
2026-04-13 12:18:00-04:00,345.7200012207031,345.7200012207031,345.54010009765625,345.7149963378906,3442,0.0,0.0,ADI,1m
2026-04-13 12:19:00-04:00,345.8299865722656,345.8299865722656,345.5799865722656,345.7200012207031,1535,0.0,0.0,ADI,1m
2026-04-13 12:20:00-04:00,345.8900146484375,346.21600341796875,345.885009765625,345.885009765625,6645,0.0,0.0,ADI,1m
2026-04-13 12:21:00-04:00,346.010009765625,346.17999267578125,346.0,346.17999267578125,2437,0.0,0.0,ADI,1m
2026-04-13 12:22:00-04:00,346.260009765625,346.2699890136719,346.2200927734375,346.2200927734375,5205,0.0,0.0,ADI,1m
2026-04-13 12:23:00-04:00,346.0950012207031,346.0950012207031,346.0450134277344,346.04998779296875,1655,0.0,0.0,ADI,1m
2026-04-13 12:24:00-04:00,346.1300048828125,346.2099914550781,346.1300048828125,346.17498779296875,2053,0.0,0.0,ADI,1m
2026-04-13 12:25:00-04:00,346.3699951171875,346.3900146484375,346.31500244140625,346.31500244140625,970,0.0,0.0,ADI,1m
2026-04-13 12:26:00-04:00,346.31500244140625,346.3324890136719,345.9549865722656,345.9549865722656,6677,0.0,0.0,ADI,1m
2026-04-13 12:27:00-04:00,345.9049987792969,345.9049987792969,345.9049987792969,345.9049987792969,1640,0.0,0.0,ADI,1m
2026-04-13 12:28:00-04:00,345.93499755859375,345.93499755859375,345.93499755859375,345.93499755859375,1372,0.0,0.0,ADI,1m
2026-04-13 12:29:00-04:00,346.20001220703125,346.2099914550781,346.1199951171875,346.1199951171875,2892,0.0,0.0,ADI,1m
2026-04-13 12:30:00-04:00,346.0899963378906,346.5299987792969,346.07000732421875,346.5299987792969,6172,0.0,0.0,ADI,1m
2026-04-13 12:31:00-04:00,346.31219482421875,346.31219482421875,346.31219482421875,346.31219482421875,316,0.0,0.0,ADI,1m
2026-04-13 12:32:00-04:00,346.4800109863281,346.7655944824219,346.4800109863281,346.7655944824219,2730,0.0,0.0,ADI,1m
2026-04-13 12:33:00-04:00,346.7799987792969,346.9119873046875,346.7650146484375,346.9119873046875,2646,0.0,0.0,ADI,1m
2026-04-13 12:34:00-04:00,346.864990234375,347.04998779296875,346.68011474609375,346.7799987792969,5533,0.0,0.0,ADI,1m
2026-04-13 12:35:00-04:00,346.8550109863281,347.2550048828125,346.8500061035156,347.2550048828125,4388,0.0,0.0,ADI,1m
2026-04-13 12:36:00-04:00,347.04998779296875,347.04998779296875,346.9649963378906,347.0400085449219,3400,0.0,0.0,ADI,1m
2026-04-13 12:37:00-04:00,346.9549865722656,347.1600036621094,346.9549865722656,347.1600036621094,3508,0.0,0.0,ADI,1m
2026-04-13 12:38:00-04:00,347.19500732421875,347.3299865722656,347.19000244140625,347.3299865722656,1514,0.0,0.0,ADI,1m
2026-04-13 12:39:00-04:00,347.2699890136719,347.2699890136719,347.1600036621094,347.1600036621094,1747,0.0,0.0,ADI,1m
2026-04-13 12:40:00-04:00,347.2699890136719,347.2699890136719,347.17999267578125,347.17999267578125,1734,0.0,0.0,ADI,1m
2026-04-13 12:41:00-04:00,347.1499938964844,347.1650085449219,346.7699890136719,346.7699890136719,13360,0.0,0.0,ADI,1m
2026-04-13 12:42:00-04:00,346.8599853515625,346.8599853515625,346.3299865722656,346.3299865722656,5864,0.0,0.0,ADI,1m
2026-04-13 12:43:00-04:00,346.6199951171875,347.010009765625,346.5450134277344,347.010009765625,3477,0.0,0.0,ADI,1m
2026-04-13 12:44:00-04:00,347.05999755859375,347.05999755859375,346.6700134277344,346.875,2772,0.0,0.0,ADI,1m
2026-04-13 12:45:00-04:00,346.875,346.875,346.67999267578125,346.7099914550781,767,0.0,0.0,ADI,1m
2026-04-13 12:46:00-04:00,346.8800048828125,346.8800048828125,346.54998779296875,346.54998779296875,2526,0.0,0.0,ADI,1m
2026-04-13 12:47:00-04:00,346.42999267578125,346.7619934082031,346.42999267578125,346.61749267578125,5447,0.0,0.0,ADI,1m
2026-04-13 12:48:00-04:00,346.5799865722656,346.9200134277344,346.5799865722656,346.82000732421875,11709,0.0,0.0,ADI,1m
2026-04-13 12:49:00-04:00,346.7300109863281,346.7300109863281,346.7300109863281,346.7300109863281,284,0.0,0.0,ADI,1m
2026-04-13 12:50:00-04:00,346.82000732421875,347.010009765625,346.67999267578125,347.010009765625,7776,0.0,0.0,ADI,1m
2026-04-13 12:51:00-04:00,347.1099853515625,347.1099853515625,346.9849853515625,346.9849853515625,3339,0.0,0.0,ADI,1m
2026-04-13 12:52:00-04:00,347.0,347.0,346.7900085449219,346.9200134277344,1749,0.0,0.0,ADI,1m
2026-04-13 12:53:00-04:00,346.7749938964844,346.7749938964844,346.70001220703125,346.760009765625,2638,0.0,0.0,ADI,1m
2026-04-13 12:54:00-04:00,346.56500244140625,346.56500244140625,346.4700012207031,346.4700012207031,960,0.0,0.0,ADI,1m
2026-04-13 12:55:00-04:00,346.5249938964844,346.5249938964844,346.30999755859375,346.30999755859375,1127,0.0,0.0,ADI,1m
2026-04-13 12:56:00-04:00,346.32000732421875,346.32000732421875,346.32000732421875,346.32000732421875,587,0.0,0.0,ADI,1m
2026-04-13 12:57:00-04:00,346.4800109863281,346.7200012207031,346.3599853515625,346.7200012207031,3909,0.0,0.0,ADI,1m
2026-04-13 12:58:00-04:00,346.760009765625,346.8699951171875,346.6499938964844,346.8699951171875,3623,0.0,0.0,ADI,1m
2026-04-13 12:59:00-04:00,346.95001220703125,346.9800109863281,346.7900085449219,346.7900085449219,4982,0.0,0.0,ADI,1m
2026-04-13 13:00:00-04:00,346.95001220703125,347.1300048828125,346.885009765625,346.9049987792969,6264,0.0,0.0,ADI,1m
2026-04-13 13:01:00-04:00,347.07000732421875,347.07000732421875,346.82000732421875,346.82000732421875,7588,0.0,0.0,ADI,1m
2026-04-13 13:02:00-04:00,346.94000244140625,347.04998779296875,346.9100036621094,347.04998779296875,3161,0.0,0.0,ADI,1m
2026-04-13 13:04:00-04:00,346.9150085449219,346.92999267578125,346.9150085449219,346.92999267578125,1330,0.0,0.0,ADI,1m
2026-04-13 13:05:00-04:00,346.92999267578125,347.05999755859375,346.92999267578125,347.010009765625,1732,0.0,0.0,ADI,1m
2026-04-13 13:06:00-04:00,347.010009765625,347.010009765625,346.8699951171875,346.9800109863281,800,0.0,0.0,ADI,1m
2026-04-13 13:07:00-04:00,346.8699951171875,346.9800109863281,346.8699951171875,346.9800109863281,1130,0.0,0.0,ADI,1m
2026-04-13 13:08:00-04:00,346.8699951171875,346.8699951171875,346.5799865722656,346.6549987792969,2092,0.0,0.0,ADI,1m
2026-04-13 13:09:00-04:00,346.6099853515625,346.6650085449219,346.5299987792969,346.5299987792969,1769,0.0,0.0,ADI,1m
2026-04-13 13:10:00-04:00,346.5899963378906,346.5899963378906,346.42999267578125,346.5450134277344,709,0.0,0.0,ADI,1m
2026-04-13 13:11:00-04:00,346.45001220703125,346.5,346.4200134277344,346.4200134277344,1232,0.0,0.0,ADI,1m
2026-04-13 13:12:00-04:00,346.3800048828125,346.3800048828125,346.32000732421875,346.32000732421875,1398,0.0,0.0,ADI,1m
2026-04-13 13:13:00-04:00,346.239990234375,346.3599853515625,346.239990234375,346.2850036621094,1422,0.0,0.0,ADI,1m
2026-04-13 13:14:00-04:00,346.3949890136719,346.5199890136719,346.2850036621094,346.5199890136719,5537,0.0,0.0,ADI,1m
2026-04-13 13:15:00-04:00,346.4150085449219,346.510009765625,346.4100036621094,346.510009765625,1908,0.0,0.0,ADI,1m
2026-04-13 13:16:00-04:00,346.57000732421875,346.57000732421875,346.5350036621094,346.5350036621094,1071,0.0,0.0,ADI,1m
2026-04-13 13:17:00-04:00,346.5400085449219,346.5400085449219,346.5400085449219,346.5400085449219,426,0.0,0.0,ADI,1m
2026-04-13 13:18:00-04:00,346.67999267578125,346.885009765625,346.67999267578125,346.885009765625,3094,0.0,0.0,ADI,1m
2026-04-13 13:19:00-04:00,347.0,347.0,346.9649963378906,346.9649963378906,1523,0.0,0.0,ADI,1m
2026-04-13 13:20:00-04:00,346.82000732421875,346.9549865722656,346.6600036621094,346.6700134277344,2801,0.0,0.0,ADI,1m
2026-04-13 13:21:00-04:00,346.82501220703125,346.82501220703125,346.7699890136719,346.7699890136719,1333,0.0,0.0,ADI,1m
2026-04-13 13:23:00-04:00,346.7950134277344,346.9100036621094,346.7699890136719,346.7699890136719,909,0.0,0.0,ADI,1m
2026-04-13 13:24:00-04:00,346.7699890136719,346.8999938964844,346.7650146484375,346.8900146484375,4220,0.0,0.0,ADI,1m
2026-04-13 13:25:00-04:00,346.8299865722656,346.8399963378906,346.8299865722656,346.8399963378906,1461,0.0,0.0,ADI,1m
2026-04-13 13:26:00-04:00,346.8299865722656,346.8299865722656,346.8299865722656,346.8299865722656,823,0.0,0.0,ADI,1m
2026-04-13 13:27:00-04:00,346.989990234375,346.989990234375,346.9100036621094,346.9100036621094,2879,0.0,0.0,ADI,1m
2026-04-13 13:28:00-04:00,346.8800048828125,346.8800048828125,346.8500061035156,346.8500061035156,700,0.0,0.0,ADI,1m
2026-04-13 13:29:00-04:00,346.9049987792969,346.9100036621094,346.79998779296875,346.8599853515625,1418,0.0,0.0,ADI,1m
2026-04-13 13:30:00-04:00,346.82000732421875,346.8699951171875,346.82000732421875,346.8699951171875,710,0.0,0.0,ADI,1m
2026-04-13 13:31:00-04:00,347.0299987792969,347.0299987792969,346.7699890136719,346.7699890136719,3377,0.0,0.0,ADI,1m
2026-04-13 13:32:00-04:00,346.864990234375,346.864990234375,346.67010498046875,346.70001220703125,7134,0.0,0.0,ADI,1m
2026-04-13 13:33:00-04:00,346.6700134277344,346.7925109863281,346.6700134277344,346.6700134277344,1557,0.0,0.0,ADI,1m
2026-04-13 13:34:00-04:00,346.6400146484375,346.6400146484375,346.3399963378906,346.3399963378906,2571,0.0,0.0,ADI,1m
2026-04-13 13:35:00-04:00,346.30999755859375,346.44000244140625,346.29998779296875,346.3800048828125,2057,0.0,0.0,ADI,1m
2026-04-13 13:36:00-04:00,346.375,346.5,346.375,346.5,2781,0.0,0.0,ADI,1m
2026-04-13 13:37:00-04:00,346.4150085449219,346.5299987792969,346.4150085449219,346.5299987792969,687,0.0,0.0,ADI,1m
2026-04-13 13:38:00-04:00,346.3999938964844,346.5199890136719,346.3999938964844,346.5199890136719,2038,0.0,0.0,ADI,1m
2026-04-13 13:39:00-04:00,346.55499267578125,346.6650085449219,346.5199890136719,346.5199890136719,3948,0.0,0.0,ADI,1m
2026-04-13 13:40:00-04:00,346.6600036621094,346.7200012207031,346.6499938964844,346.7200012207031,1466,0.0,0.0,ADI,1m
2026-04-13 13:41:00-04:00,346.6099853515625,346.80999755859375,346.6099853515625,346.80999755859375,2960,0.0,0.0,ADI,1m
2026-04-13 13:42:00-04:00,346.6499938964844,346.8900146484375,346.6499938964844,346.8900146484375,2527,0.0,0.0,ADI,1m
2026-04-13 13:43:00-04:00,346.79998779296875,346.8999938964844,346.7200012207031,346.7850036621094,4649,0.0,0.0,ADI,1m
2026-04-13 13:44:00-04:00,346.7850036621094,346.8999938964844,346.6099853515625,346.75,4071,0.0,0.0,ADI,1m
2026-04-13 13:45:00-04:00,346.7449951171875,346.7449951171875,346.6099853515625,346.6099853515625,1307,0.0,0.0,ADI,1m
2026-04-13 13:46:00-04:00,346.6099853515625,346.739990234375,346.6099853515625,346.739990234375,868,0.0,0.0,ADI,1m
2026-04-13 13:47:00-04:00,346.6099853515625,346.6099853515625,346.55999755859375,346.55999755859375,1052,0.0,0.0,ADI,1m
2026-04-13 13:48:00-04:00,346.4400939941406,346.57501220703125,346.4400939941406,346.57000732421875,856,0.0,0.0,ADI,1m
2026-04-13 13:49:00-04:00,346.57000732421875,346.6600036621094,346.57000732421875,346.6600036621094,1579,0.0,0.0,ADI,1m
2026-04-13 13:50:00-04:00,346.69000244140625,346.69000244140625,346.42999267578125,346.42999267578125,3218,0.0,0.0,ADI,1m
2026-04-13 13:51:00-04:00,346.42999267578125,346.5,346.42999267578125,346.5,3496,0.0,0.0,ADI,1m
2026-04-13 13:52:00-04:00,346.54998779296875,346.5899963378906,346.5350036621094,346.5400085449219,4516,0.0,0.0,ADI,1m
2026-04-13 13:54:00-04:00,346.6099853515625,346.7200012207031,346.5799865722656,346.7200012207031,2741,0.0,0.0,ADI,1m
2026-04-13 13:55:00-04:00,346.7799987792969,346.8599853515625,346.7799987792969,346.8599853515625,1005,0.0,0.0,ADI,1m
2026-04-13 13:56:00-04:00,346.7550048828125,346.7550048828125,346.6400146484375,346.6400146484375,3651,0.0,0.0,ADI,1m
2026-04-13 13:57:00-04:00,346.614990234375,346.614990234375,346.614990234375,346.614990234375,1519,0.0,0.0,ADI,1m
2026-04-13 13:58:00-04:00,346.6000061035156,346.6000061035156,346.6000061035156,346.6000061035156,468,0.0,0.0,ADI,1m
2026-04-13 13:59:00-04:00,346.7200012207031,346.86749267578125,346.7200012207031,346.86749267578125,6350,0.0,0.0,ADI,1m
2026-04-13 14:00:00-04:00,346.6449890136719,346.6449890136719,346.6449890136719,346.6449890136719,348,0.0,0.0,ADI,1m
2026-04-13 14:01:00-04:00,346.760009765625,346.9700012207031,346.760009765625,346.9200134277344,15762,0.0,0.0,ADI,1m
2026-04-13 14:02:00-04:00,347.1173095703125,347.1300048828125,346.989990234375,347.0249938964844,5926,0.0,0.0,ADI,1m
2026-04-13 14:03:00-04:00,347.010009765625,347.010009765625,347.010009765625,347.010009765625,562,0.0,0.0,ADI,1m
2026-04-13 14:04:00-04:00,346.8500061035156,346.8500061035156,346.69000244140625,346.69000244140625,1660,0.0,0.0,ADI,1m
2026-04-13 14:05:00-04:00,346.8299865722656,346.9599914550781,346.7099914550781,346.7950134277344,8824,0.0,0.0,ADI,1m
2026-04-13 14:06:00-04:00,346.8900146484375,346.8900146484375,346.7950134277344,346.7950134277344,880,0.0,0.0,ADI,1m
2026-04-13 14:07:00-04:00,346.69000244140625,346.69000244140625,346.69000244140625,346.69000244140625,334,0.0,0.0,ADI,1m
2026-04-13 14:08:00-04:00,346.8999938964844,347.1300048828125,346.8999938964844,347.06500244140625,8512,0.0,0.0,ADI,1m
2026-04-13 14:09:00-04:00,347.06500244140625,347.06500244140625,347.06500244140625,347.06500244140625,950,0.0,0.0,ADI,1m
2026-04-13 14:10:00-04:00,347.07000732421875,347.0799865722656,347.06500244140625,347.06500244140625,1261,0.0,0.0,ADI,1m
2026-04-13 14:11:00-04:00,347.06500244140625,347.06500244140625,347.06500244140625,347.06500244140625,1128,0.0,0.0,ADI,1m
2026-04-13 14:12:00-04:00,347.06500244140625,347.1400146484375,347.0299987792969,347.1400146484375,2113,0.0,0.0,ADI,1m
2026-04-13 14:13:00-04:00,347.1600036621094,347.1600036621094,347.1400146484375,347.1549987792969,2063,0.0,0.0,ADI,1m
2026-04-13 14:14:00-04:00,347.20001220703125,347.2264099121094,347.0950012207031,347.1300048828125,3819,0.0,0.0,ADI,1m
2026-04-13 14:15:00-04:00,347.1300048828125,347.3699951171875,347.1300048828125,347.3599853515625,3398,0.0,0.0,ADI,1m
2026-04-13 14:16:00-04:00,347.3699951171875,347.5299987792969,347.1806945800781,347.510009765625,6399,0.0,0.0,ADI,1m
2026-04-13 14:17:00-04:00,347.58551025390625,347.61248779296875,347.58551025390625,347.61248779296875,1430,0.0,0.0,ADI,1m
2026-04-13 14:18:00-04:00,347.6000061035156,347.6000061035156,347.6000061035156,347.6000061035156,1469,0.0,0.0,ADI,1m
2026-04-13 14:19:00-04:00,347.57501220703125,347.57501220703125,347.47869873046875,347.47869873046875,1578,0.0,0.0,ADI,1m
2026-04-13 14:20:00-04:00,347.5799865722656,347.5799865722656,347.5799865722656,347.5799865722656,573,0.0,0.0,ADI,1m
2026-04-13 14:21:00-04:00,347.5199890136719,347.739990234375,347.4100036621094,347.6524963378906,6570,0.0,0.0,ADI,1m
2026-04-13 14:22:00-04:00,347.30999755859375,347.4100036621094,347.30999755859375,347.4100036621094,800,0.0,0.0,ADI,1m
2026-04-13 14:23:00-04:00,347.4100036621094,347.4100036621094,347.32000732421875,347.32000732421875,2122,0.0,0.0,ADI,1m
2026-04-13 14:24:00-04:00,347.0400085449219,347.0400085449219,347.0,347.0,2262,0.0,0.0,ADI,1m
2026-04-13 14:25:00-04:00,346.989990234375,347.0849914550781,346.9599914550781,346.9599914550781,827,0.0,0.0,ADI,1m
2026-04-13 14:26:00-04:00,346.9700012207031,347.07501220703125,346.9599914550781,347.07501220703125,1068,0.0,0.0,ADI,1m
2026-04-13 14:27:00-04:00,346.95001220703125,347.07501220703125,346.95001220703125,347.07000732421875,2440,0.0,0.0,ADI,1m
2026-04-13 14:28:00-04:00,347.05999755859375,347.05999755859375,347.05999755859375,347.05999755859375,2077,0.0,0.0,ADI,1m
2026-04-13 14:29:00-04:00,347.05999755859375,347.05999755859375,347.05999755859375,347.05999755859375,565,0.0,0.0,ADI,1m
2026-04-13 14:30:00-04:00,346.9800109863281,346.989990234375,346.9800109863281,346.989990234375,946,0.0,0.0,ADI,1m
2026-04-13 14:31:00-04:00,347.1700134277344,347.42999267578125,347.1400146484375,347.42999267578125,10977,0.0,0.0,ADI,1m
2026-04-13 14:32:00-04:00,347.45001220703125,347.5199890136719,347.45001220703125,347.5199890136719,1272,0.0,0.0,ADI,1m
2026-04-13 14:33:00-04:00,347.55999755859375,347.5899963378906,347.4800109863281,347.4800109863281,1203,0.0,0.0,ADI,1m
2026-04-13 14:34:00-04:00,347.5899963378906,347.6099853515625,347.5,347.6050109863281,2329,0.0,0.0,ADI,1m
2026-04-13 14:35:00-04:00,347.55999755859375,347.7200012207031,347.55999755859375,347.7200012207031,3874,0.0,0.0,ADI,1m
2026-04-13 14:36:00-04:00,347.75,347.8399963378906,347.75,347.8399963378906,1051,0.0,0.0,ADI,1m
2026-04-13 14:37:00-04:00,347.81500244140625,347.92999267578125,347.81500244140625,347.92999267578125,3990,0.0,0.0,ADI,1m
2026-04-13 14:38:00-04:00,347.8450012207031,347.8450012207031,347.7699890136719,347.7699890136719,1440,0.0,0.0,ADI,1m
2026-04-13 14:39:00-04:00,347.8399963378906,347.94000244140625,347.8399963378906,347.94000244140625,2886,0.0,0.0,ADI,1m
2026-04-13 14:40:00-04:00,347.92999267578125,347.9599914550781,347.864990234375,347.864990234375,929,0.0,0.0,ADI,1m
2026-04-13 14:41:00-04:00,347.864990234375,347.9599914550781,347.864990234375,347.92498779296875,2266,0.0,0.0,ADI,1m
2026-04-13 14:42:00-04:00,347.92498779296875,348.04998779296875,347.92498779296875,348.04998779296875,3993,0.0,0.0,ADI,1m
2026-04-13 14:43:00-04:00,348.0799865722656,348.0799865722656,348.010986328125,348.010986328125,1451,0.0,0.0,ADI,1m
2026-04-13 14:44:00-04:00,348.07501220703125,348.32000732421875,348.07501220703125,348.2174987792969,4930,0.0,0.0,ADI,1m
2026-04-13 14:45:00-04:00,348.04998779296875,348.44000244140625,348.04998779296875,348.375,3857,0.0,0.0,ADI,1m
2026-04-13 14:46:00-04:00,348.3599853515625,348.4750061035156,348.3599853515625,348.4750061035156,1525,0.0,0.0,ADI,1m
2026-04-13 14:47:00-04:00,348.4200134277344,348.4800109863281,348.4150085449219,348.4800109863281,899,0.0,0.0,ADI,1m
2026-04-13 14:48:00-04:00,348.4200134277344,348.6000061035156,348.3399963378906,348.3399963378906,5488,0.0,0.0,ADI,1m
2026-04-13 14:49:00-04:00,348.4549865722656,348.57000732421875,348.3399963378906,348.50421142578125,6624,0.0,0.0,ADI,1m
2026-04-13 14:50:00-04:00,348.30999755859375,348.3349914550781,348.30999755859375,348.3349914550781,944,0.0,0.0,ADI,1m
2026-04-13 14:51:00-04:00,348.3349914550781,348.489990234375,348.32000732421875,348.3800048828125,2683,0.0,0.0,ADI,1m
2026-04-13 14:52:00-04:00,348.375,348.3949890136719,348.25,348.32000732421875,8437,0.0,0.0,ADI,1m
2026-04-13 14:53:00-04:00,348.1300048828125,348.1300048828125,348.1300048828125,348.1300048828125,671,0.0,0.0,ADI,1m
2026-04-13 14:54:00-04:00,348.2300109863281,348.30999755859375,348.1099853515625,348.1300048828125,2974,0.0,0.0,ADI,1m
2026-04-13 14:55:00-04:00,348.1199951171875,348.2699890136719,348.1099853515625,348.19000244140625,2060,0.0,0.0,ADI,1m
2026-04-13 14:56:00-04:00,348.1300048828125,348.20001220703125,348.04998779296875,348.04998779296875,6577,0.0,0.0,ADI,1m
2026-04-13 14:57:00-04:00,347.989990234375,347.989990234375,347.8500061035156,347.9599914550781,3246,0.0,0.0,ADI,1m
2026-04-13 14:58:00-04:00,347.760009765625,348.010009765625,347.75,347.8949890136719,6987,0.0,0.0,ADI,1m
2026-04-13 14:59:00-04:00,347.989990234375,347.989990234375,347.885009765625,347.885009765625,1848,0.0,0.0,ADI,1m
2026-04-13 15:00:00-04:00,347.885009765625,348.29998779296875,347.885009765625,348.29998779296875,8812,0.0,0.0,ADI,1m
2026-04-13 15:01:00-04:00,348.239990234375,348.32000732421875,348.239990234375,348.32000732421875,2082,0.0,0.0,ADI,1m
2026-04-13 15:02:00-04:00,348.2099914550781,348.2099914550781,348.2049865722656,348.2049865722656,1499,0.0,0.0,ADI,1m
2026-04-13 15:03:00-04:00,348.2998962402344,348.2998962402344,348.2998962402344,348.2998962402344,328,0.0,0.0,ADI,1m
2026-04-13 15:04:00-04:00,348.2300109863281,348.2699890136719,348.17999267578125,348.17999267578125,4180,0.0,0.0,ADI,1m
2026-04-13 15:06:00-04:00,348.0899963378906,348.2799987792969,348.0899963378906,348.2699890136719,2883,0.0,0.0,ADI,1m
2026-04-13 15:08:00-04:00,348.2749938964844,348.4599914550781,348.2149963378906,348.4599914550781,8046,0.0,0.0,ADI,1m
2026-04-13 15:10:00-04:00,348.3699951171875,348.3699951171875,348.25,348.30999755859375,3708,0.0,0.0,ADI,1m
2026-04-13 15:11:00-04:00,348.3399963378906,348.3399963378906,348.2449951171875,348.2449951171875,2031,0.0,0.0,ADI,1m
2026-04-13 15:12:00-04:00,348.25,348.32000732421875,348.25,348.30499267578125,3330,0.0,0.0,ADI,1m
2026-04-13 15:14:00-04:00,348.3349914550781,348.489990234375,348.3349914550781,348.489990234375,2338,0.0,0.0,ADI,1m
2026-04-13 15:15:00-04:00,348.3900146484375,348.5899963378906,348.3900146484375,348.5899963378906,3890,0.0,0.0,ADI,1m
2026-04-13 15:16:00-04:00,348.6400146484375,348.6400146484375,348.614990234375,348.614990234375,869,0.0,0.0,ADI,1m
2026-04-13 15:17:00-04:00,348.6300048828125,348.7550048828125,348.614990234375,348.7300109863281,2558,0.0,0.0,ADI,1m
2026-04-13 15:18:00-04:00,348.7998962402344,348.9429931640625,348.7998962402344,348.9429931640625,5009,0.0,0.0,ADI,1m
2026-04-13 15:19:00-04:00,348.9049987792969,349.07000732421875,348.8999938964844,349.06500244140625,2995,0.0,0.0,ADI,1m
2026-04-13 15:20:00-04:00,349.07501220703125,349.0799865722656,348.8900146484375,348.8901062011719,4414,0.0,0.0,ADI,1m
2026-04-13 15:21:00-04:00,348.8900146484375,348.8900146484375,348.8399963378906,348.8399963378906,1264,0.0,0.0,ADI,1m
2026-04-13 15:22:00-04:00,348.9599914550781,348.989990234375,348.9599914550781,348.989990234375,1890,0.0,0.0,ADI,1m
2026-04-13 15:23:00-04:00,348.9049987792969,348.95001220703125,348.8599853515625,348.8599853515625,2546,0.0,0.0,ADI,1m
2026-04-13 15:24:00-04:00,348.8349914550781,348.8349914550781,348.70001220703125,348.7760009765625,4938,0.0,0.0,ADI,1m
2026-04-13 15:25:00-04:00,348.67999267578125,349.0899963378906,348.67999267578125,349.05999755859375,7936,0.0,0.0,ADI,1m
2026-04-13 15:26:00-04:00,348.9800109863281,349.1600036621094,348.9200134277344,349.1050109863281,7312,0.0,0.0,ADI,1m
2026-04-13 15:27:00-04:00,349.04998779296875,349.04998779296875,348.9100036621094,348.9100036621094,2423,0.0,0.0,ADI,1m
2026-04-13 15:28:00-04:00,348.8999938964844,348.8999938964844,348.8900146484375,348.8900146484375,1494,0.0,0.0,ADI,1m
2026-04-13 15:29:00-04:00,348.8800048828125,348.94000244140625,348.8399963378906,348.8399963378906,2830,0.0,0.0,ADI,1m
2026-04-13 15:30:00-04:00,348.75,348.95001220703125,348.70001220703125,348.8699951171875,6183,0.0,0.0,ADI,1m
2026-04-13 15:31:00-04:00,349.0150146484375,349.14990234375,349.0150146484375,349.0199890136719,1319,0.0,0.0,ADI,1m
2026-04-13 15:32:00-04:00,349.04998779296875,349.0799865722656,349.0400085449219,349.0799865722656,2815,0.0,0.0,ADI,1m
2026-04-13 15:33:00-04:00,348.95001220703125,348.9549865722656,348.8550109863281,348.8550109863281,3655,0.0,0.0,ADI,1m
2026-04-13 15:34:00-04:00,348.7200012207031,348.8075866699219,348.42999267578125,348.739990234375,8294,0.0,0.0,ADI,1m
2026-04-13 15:35:00-04:00,348.7049865722656,348.7300109863281,348.67498779296875,348.7300109863281,4203,0.0,0.0,ADI,1m
2026-04-13 15:36:00-04:00,348.92999267578125,349.04998779296875,348.8800048828125,348.9100036621094,5472,0.0,0.0,ADI,1m
2026-04-13 15:37:00-04:00,348.7699890136719,348.8399963378906,348.69000244140625,348.69000244140625,3477,0.0,0.0,ADI,1m
2026-04-13 15:38:00-04:00,348.6549987792969,348.6549987792969,348.55999755859375,348.5950012207031,2323,0.0,0.0,ADI,1m
2026-04-13 15:39:00-04:00,348.5950012207031,348.5950012207031,348.44000244140625,348.5150146484375,2976,0.0,0.0,ADI,1m
2026-04-13 15:40:00-04:00,348.489990234375,348.489990234375,348.4849853515625,348.4849853515625,4742,0.0,0.0,ADI,1m
2026-04-13 15:41:00-04:00,348.4849853515625,348.6199951171875,348.4849853515625,348.55999755859375,4330,0.0,0.0,ADI,1m
2026-04-13 15:42:00-04:00,348.4800109863281,348.4800109863281,348.29998779296875,348.29998779296875,5030,0.0,0.0,ADI,1m
2026-04-13 15:43:00-04:00,348.31500244140625,348.42999267578125,348.1099853515625,348.135009765625,8846,0.0,0.0,ADI,1m
2026-04-13 15:44:00-04:00,348.1400146484375,348.260009765625,348.0400085449219,348.1600036621094,6808,0.0,0.0,ADI,1m
2026-04-13 15:45:00-04:00,348.1600036621094,348.4200134277344,348.1600036621094,348.2850036621094,5895,0.0,0.0,ADI,1m
2026-04-13 15:46:00-04:00,348.2799987792969,348.55999755859375,348.2799987792969,348.4949951171875,4343,0.0,0.0,ADI,1m
2026-04-13 15:47:00-04:00,348.42498779296875,348.45001220703125,348.3399963378906,348.45001220703125,2100,0.0,0.0,ADI,1m
2026-04-13 15:48:00-04:00,348.3500061035156,348.4599914550781,348.3399963378906,348.3399963378906,3109,0.0,0.0,ADI,1m
2026-04-13 15:49:00-04:00,348.3500061035156,348.4978942871094,348.3500061035156,348.3900146484375,2574,0.0,0.0,ADI,1m
2026-04-13 15:50:00-04:00,348.5,349.19000244140625,348.5,349.1400146484375,12830,0.0,0.0,ADI,1m
2026-04-13 15:51:00-04:00,349.29998779296875,349.5899963378906,349.260009765625,349.5899963378906,7620,0.0,0.0,ADI,1m
2026-04-13 15:52:00-04:00,349.44000244140625,349.57000732421875,349.3599853515625,349.4200134277344,5750,0.0,0.0,ADI,1m
2026-04-13 15:53:00-04:00,349.30999755859375,349.5400085449219,349.30999755859375,349.45001220703125,9980,0.0,0.0,ADI,1m
2026-04-13 15:54:00-04:00,349.3999938964844,349.5899963378906,349.2200012207031,349.489990234375,13575,0.0,0.0,ADI,1m
2026-04-13 15:55:00-04:00,349.6199951171875,350.0799865722656,349.510009765625,349.510009765625,26907,0.0,0.0,ADI,1m
2026-04-13 15:56:00-04:00,349.489990234375,349.6300048828125,349.4599914550781,349.57000732421875,16559,0.0,0.0,ADI,1m
2026-04-13 15:57:00-04:00,349.5400085449219,349.8299865722656,349.4100036621094,349.8299865722656,51087,0.0,0.0,ADI,1m
2026-04-13 15:58:00-04:00,349.8299865722656,349.94000244140625,349.7200012207031,349.8800048828125,51236,0.0,0.0,ADI,1m
2026-04-13 15:59:00-04:00,349.94000244140625,350.0799865722656,349.8599853515625,350.0,100905,0.0,0.0,ADI,1m
2026-04-14 09:30:00-04:00,352.42999267578125,352.45001220703125,350.94000244140625,350.94000244140625,41462,0.0,0.0,ADI,1m
2026-04-14 09:31:00-04:00,351.52301025390625,351.52301025390625,350.93499755859375,350.93499755859375,1175,0.0,0.0,ADI,1m
2026-04-14 09:32:00-04:00,350.8900146484375,351.0150146484375,350.1600036621094,350.70001220703125,5520,0.0,0.0,ADI,1m
2026-04-14 09:33:00-04:00,350.8324890136719,351.0,350.5400085449219,350.885009765625,4785,0.0,0.0,ADI,1m
2026-04-14 09:34:00-04:00,350.8900146484375,351.1199951171875,350.32501220703125,350.94000244140625,12745,0.0,0.0,ADI,1m
2026-04-14 09:35:00-04:00,350.94000244140625,351.1700134277344,350.56500244140625,351.1700134277344,9030,0.0,0.0,ADI,1m
2026-04-14 09:36:00-04:00,351.17999267578125,351.25,350.6600036621094,351.17498779296875,6330,0.0,0.0,ADI,1m
2026-04-14 09:37:00-04:00,351.1199951171875,352.1000061035156,351.1199951171875,352.1000061035156,3445,0.0,0.0,ADI,1m
2026-04-14 09:38:00-04:00,352.0799865722656,352.0799865722656,351.3299865722656,351.63848876953125,7104,0.0,0.0,ADI,1m
2026-04-14 09:39:00-04:00,351.55999755859375,351.55999755859375,350.42999267578125,350.5950012207031,7405,0.0,0.0,ADI,1m
2026-04-14 09:40:00-04:00,350.4818115234375,350.94000244140625,350.239990234375,350.5899963378906,7386,0.0,0.0,ADI,1m
2026-04-14 09:41:00-04:00,351.0450134277344,351.1700134277344,350.375,350.375,1725,0.0,0.0,ADI,1m
2026-04-14 09:42:00-04:00,350.3999938964844,350.69500732421875,350.3999938964844,350.69500732421875,2213,0.0,0.0,ADI,1m
2026-04-14 09:43:00-04:00,350.7200012207031,350.7200012207031,349.6050109863281,349.8949890136719,5568,0.0,0.0,ADI,1m
2026-04-14 09:44:00-04:00,349.885009765625,349.885009765625,349.739990234375,349.8800048828125,1016,0.0,0.0,ADI,1m
2026-04-14 09:45:00-04:00,349.8900146484375,349.94500732421875,348.2799987792969,348.82000732421875,4530,0.0,0.0,ADI,1m
2026-04-14 09:46:00-04:00,348.8299865722656,349.1300048828125,348.8299865722656,349.1300048828125,3139,0.0,0.0,ADI,1m
2026-04-14 09:47:00-04:00,348.9849853515625,349.0199890136719,348.6499938964844,348.8550109863281,8506,0.0,0.0,ADI,1m
2026-04-14 09:48:00-04:00,348.8599853515625,349.5849914550781,348.6099853515625,349.3949890136719,4935,0.0,0.0,ADI,1m
2026-04-14 09:49:00-04:00,349.2049865722656,349.57000732421875,348.8500061035156,349.4200134277344,1696,0.0,0.0,ADI,1m
2026-04-14 09:50:00-04:00,349.5,349.5,349.375,349.375,1897,0.0,0.0,ADI,1m
2026-04-14 09:51:00-04:00,349.55999755859375,349.55999755859375,349.4150085449219,349.5,1001,0.0,0.0,ADI,1m
2026-04-14 09:52:00-04:00,349.4849853515625,349.4849853515625,349.07000732421875,349.3999938964844,2190,0.0,0.0,ADI,1m
2026-04-14 09:53:00-04:00,349.6499938964844,349.7200012207031,349.4049987792969,349.4049987792969,1588,0.0,0.0,ADI,1m
2026-04-14 09:54:00-04:00,349.3999938964844,349.3999938964844,348.5799865722656,348.7850036621094,4985,0.0,0.0,ADI,1m
2026-04-14 09:55:00-04:00,348.7850036621094,349.0299987792969,348.69000244140625,349.0299987792969,3761,0.0,0.0,ADI,1m
2026-04-14 09:56:00-04:00,349.1650085449219,349.42999267578125,349.04998779296875,349.42999267578125,1203,0.0,0.0,ADI,1m
2026-04-14 09:57:00-04:00,349.2799987792969,349.4049987792969,348.885009765625,348.885009765625,2250,0.0,0.0,ADI,1m
2026-04-14 09:58:00-04:00,348.9200134277344,349.260009765625,348.6000061035156,348.6000061035156,1620,0.0,0.0,ADI,1m
2026-04-14 09:59:00-04:00,349.0150146484375,349.2550048828125,349.0150146484375,349.2550048828125,1330,0.0,0.0,ADI,1m
2026-04-14 10:00:00-04:00,348.8900146484375,349.2799987792969,348.8399963378906,349.2799987792969,5421,0.0,0.0,ADI,1m
2026-04-14 10:01:00-04:00,349.3550109863281,349.3550109863281,349.31500244140625,349.32000732421875,1315,0.0,0.0,ADI,1m
2026-04-14 10:02:00-04:00,349.6300048828125,349.760009765625,349.25,349.5700988769531,1753,0.0,0.0,ADI,1m
2026-04-14 10:03:00-04:00,349.6600036621094,349.68499755859375,349.6050109863281,349.68499755859375,2138,0.0,0.0,ADI,1m
2026-04-14 10:04:00-04:00,349.68499755859375,349.68499755859375,349.3599853515625,349.57501220703125,2203,0.0,0.0,ADI,1m
2026-04-14 10:05:00-04:00,349.57000732421875,349.82000732421875,349.57000732421875,349.5849914550781,2582,0.0,0.0,ADI,1m
2026-04-14 10:06:00-04:00,349.5849914550781,349.6000061035156,349.5849914550781,349.6000061035156,755,0.0,0.0,ADI,1m
2026-04-14 10:07:00-04:00,349.6000061035156,349.6199951171875,349.57000732421875,349.57000732421875,1415,0.0,0.0,ADI,1m
2026-04-14 10:08:00-04:00,349.6199951171875,349.6300048828125,349.260009765625,349.5450134277344,3329,0.0,0.0,ADI,1m
2026-04-14 10:09:00-04:00,349.54998779296875,349.54998779296875,349.54998779296875,349.54998779296875,793,0.0,0.0,ADI,1m
2026-04-14 10:10:00-04:00,349.55999755859375,349.55999755859375,349.17999267578125,349.3500061035156,3175,0.0,0.0,ADI,1m
2026-04-14 10:11:00-04:00,349.260009765625,349.3500061035156,349.05999755859375,349.0799865722656,1895,0.0,0.0,ADI,1m
2026-04-14 10:12:00-04:00,349.20001220703125,349.25,349.1499938964844,349.1499938964844,1577,0.0,0.0,ADI,1m
2026-04-14 10:13:00-04:00,349.2650146484375,349.2650146484375,349.1549987792969,349.1549987792969,2968,0.0,0.0,ADI,1m
2026-04-14 10:14:00-04:00,349.3500061035156,349.55999755859375,349.3500061035156,349.55999755859375,5135,0.0,0.0,ADI,1m
2026-04-14 10:15:00-04:00,349.57000732421875,349.9649963378906,349.57000732421875,349.80999755859375,6128,0.0,0.0,ADI,1m
2026-04-14 10:16:00-04:00,349.81500244140625,349.81500244140625,349.57000732421875,349.7200012207031,2654,0.0,0.0,ADI,1m
2026-04-14 10:17:00-04:00,349.8500061035156,349.9599914550781,349.7200012207031,349.7950134277344,2756,0.0,0.0,ADI,1m
2026-04-14 10:18:00-04:00,349.94000244140625,349.94000244140625,349.4800109863281,349.78900146484375,6680,0.0,0.0,ADI,1m
2026-04-14 10:19:00-04:00,349.6000061035156,349.6000061035156,349.41009521484375,349.41009521484375,2972,0.0,0.0,ADI,1m
2026-04-14 10:20:00-04:00,349.5950012207031,349.5950012207031,349.2950134277344,349.44000244140625,1843,0.0,0.0,ADI,1m
2026-04-14 10:21:00-04:00,349.2799987792969,349.2900085449219,349.010009765625,349.0950012207031,5731,0.0,0.0,ADI,1m
2026-04-14 10:22:00-04:00,349.1400146484375,349.1400146484375,348.9800109863281,349.1400146484375,1725,0.0,0.0,ADI,1m
2026-04-14 10:23:00-04:00,348.7900085449219,348.80999755859375,348.7900085449219,348.80999755859375,1242,0.0,0.0,ADI,1m
2026-04-14 10:24:00-04:00,348.8500061035156,348.8500061035156,348.8500061035156,348.8500061035156,1328,0.0,0.0,ADI,1m
2026-04-14 10:25:00-04:00,349.0398864746094,349.0398864746094,348.67999267578125,348.67999267578125,1764,0.0,0.0,ADI,1m
2026-04-14 10:26:00-04:00,348.8450012207031,349.0339050292969,348.5050048828125,348.5050048828125,3108,0.0,0.0,ADI,1m
2026-04-14 10:27:00-04:00,348.510009765625,348.510009765625,348.42999267578125,348.4849853515625,2446,0.0,0.0,ADI,1m
2026-04-14 10:28:00-04:00,348.2900085449219,348.70001220703125,348.2900085449219,348.70001220703125,4396,0.0,0.0,ADI,1m
2026-04-14 10:29:00-04:00,348.6449890136719,348.6449890136719,348.25,348.25,3559,0.0,0.0,ADI,1m
2026-04-14 10:30:00-04:00,348.4100036621094,348.4100036621094,348.2699890136719,348.2799987792969,2923,0.0,0.0,ADI,1m
2026-04-14 10:31:00-04:00,348.2099914550781,348.54998779296875,348.1000061035156,348.260009765625,5953,0.0,0.0,ADI,1m
2026-04-14 10:32:00-04:00,348.07000732421875,348.0849914550781,347.8399963378906,348.0350036621094,3109,0.0,0.0,ADI,1m
2026-04-14 10:33:00-04:00,347.8399963378906,348.32000732421875,347.7699890136719,348.32000732421875,10516,0.0,0.0,ADI,1m
2026-04-14 10:34:00-04:00,348.4700012207031,348.5899963378906,348.3800048828125,348.3800048828125,2474,0.0,0.0,ADI,1m
2026-04-14 10:35:00-04:00,348.4200134277344,348.67999267578125,348.4200134277344,348.5899963378906,2412,0.0,0.0,ADI,1m
2026-04-14 10:36:00-04:00,348.4599914550781,348.6099853515625,348.3877868652344,348.6099853515625,2881,0.0,0.0,ADI,1m
2026-04-14 10:37:00-04:00,348.55999755859375,348.7300109863281,348.55999755859375,348.6650085449219,1697,0.0,0.0,ADI,1m
2026-04-14 10:38:00-04:00,348.6600036621094,348.6600036621094,348.4700012207031,348.6499938964844,1679,0.0,0.0,ADI,1m
2026-04-14 10:39:00-04:00,348.69000244140625,348.69000244140625,348.55010986328125,348.6700134277344,2637,0.0,0.0,ADI,1m
2026-04-14 10:40:00-04:00,348.6600036621094,348.8599853515625,348.6221008300781,348.8450012207031,3601,0.0,0.0,ADI,1m
2026-04-14 10:41:00-04:00,348.9700012207031,349.3599853515625,348.9700012207031,349.25,3161,0.0,0.0,ADI,1m
2026-04-14 10:42:00-04:00,349.2200012207031,349.3900146484375,349.2200012207031,349.3900146484375,1617,0.0,0.0,ADI,1m
2026-04-14 10:43:00-04:00,349.2099914550781,349.2099914550781,349.1099853515625,349.1099853515625,2242,0.0,0.0,ADI,1m
2026-04-14 10:44:00-04:00,348.9700012207031,349.31500244140625,348.9599914550781,349.31500244140625,2888,0.0,0.0,ADI,1m
2026-04-14 10:46:00-04:00,349.6700134277344,349.7049865722656,349.6700134277344,349.69000244140625,1949,0.0,0.0,ADI,1m
2026-04-14 10:47:00-04:00,349.70001220703125,349.7049865722656,349.70001220703125,349.7049865722656,2105,0.0,0.0,ADI,1m
2026-04-14 10:48:00-04:00,349.7099914550781,350.010009765625,349.5450134277344,349.8550109863281,18696,0.0,0.0,ADI,1m
2026-04-14 10:49:00-04:00,349.8550109863281,350.0,349.8399963378906,349.9100036621094,2697,0.0,0.0,ADI,1m
2026-04-14 10:50:00-04:00,349.9100036621094,350.1400146484375,349.9100036621094,350.1400146484375,2255,0.0,0.0,ADI,1m
2026-04-14 10:51:00-04:00,350.2149963378906,350.29998779296875,350.1000061035156,350.29998779296875,2237,0.0,0.0,ADI,1m
2026-04-14 10:52:00-04:00,350.29998779296875,350.4100036621094,350.2550048828125,350.3819885253906,1931,0.0,0.0,ADI,1m
2026-04-14 10:53:00-04:00,350.2650146484375,350.3900146484375,350.2650146484375,350.364990234375,2810,0.0,0.0,ADI,1m
2026-04-14 10:54:00-04:00,350.57000732421875,350.57000732421875,350.57000732421875,350.57000732421875,957,0.0,0.0,ADI,1m
2026-04-14 10:55:00-04:00,350.6199951171875,350.79998779296875,350.4800109863281,350.55499267578125,6226,0.0,0.0,ADI,1m
2026-04-14 10:56:00-04:00,350.385009765625,350.44000244140625,350.260009765625,350.44000244140625,2958,0.0,0.0,ADI,1m
2026-04-14 10:57:00-04:00,350.3399963378906,350.3399963378906,350.3399963378906,350.3399963378906,227,0.0,0.0,ADI,1m
2026-04-14 10:58:00-04:00,350.3399963378906,350.3399963378906,350.1700134277344,350.2449951171875,1793,0.0,0.0,ADI,1m
2026-04-14 10:59:00-04:00,350.239990234375,350.239990234375,350.239990234375,350.239990234375,1155,0.0,0.0,ADI,1m
2026-04-14 11:00:00-04:00,350.239990234375,350.239990234375,349.94000244140625,350.0299987792969,2279,0.0,0.0,ADI,1m
2026-04-14 11:01:00-04:00,350.0299987792969,350.0299987792969,349.7799987792969,349.7799987792969,2345,0.0,0.0,ADI,1m
2026-04-14 11:02:00-04:00,349.79998779296875,349.885009765625,349.7300109863281,349.8399963378906,2001,0.0,0.0,ADI,1m
2026-04-14 11:03:00-04:00,349.67999267578125,349.9200134277344,349.67999267578125,349.75,3225,0.0,0.0,ADI,1m
2026-04-14 11:04:00-04:00,349.92999267578125,349.94000244140625,349.7300109863281,349.8299865722656,2368,0.0,0.0,ADI,1m
2026-04-14 11:05:00-04:00,349.7099914550781,349.82000732421875,349.6600036621094,349.7699890136719,1901,0.0,0.0,ADI,1m
2026-04-14 11:06:00-04:00,349.67999267578125,349.7650146484375,349.6099853515625,349.6700134277344,3346,0.0,0.0,ADI,1m
2026-04-14 11:07:00-04:00,349.7250061035156,349.8999938964844,349.7250061035156,349.8999938964844,1017,0.0,0.0,ADI,1m
2026-04-14 11:08:00-04:00,350.0799865722656,350.1400146484375,350.0799865722656,350.1099853515625,1656,0.0,0.0,ADI,1m
2026-04-14 11:09:00-04:00,349.8299865722656,350.0,349.67999267578125,349.8949890136719,1594,0.0,0.0,ADI,1m
2026-04-14 11:10:00-04:00,349.70001220703125,349.8949890136719,349.67999267578125,349.7200012207031,1558,0.0,0.0,ADI,1m
2026-04-14 11:11:00-04:00,349.8999938964844,350.2200012207031,349.8999938964844,350.1300048828125,3206,0.0,0.0,ADI,1m
2026-04-14 11:12:00-04:00,350.1300048828125,350.135009765625,350.1300048828125,350.135009765625,831,0.0,0.0,ADI,1m
2026-04-14 11:13:00-04:00,349.9599914550781,349.9599914550781,349.8800048828125,349.8800048828125,1549,0.0,0.0,ADI,1m
2026-04-14 11:14:00-04:00,349.9049987792969,349.9049987792969,349.7950134277344,349.7950134277344,1729,0.0,0.0,ADI,1m
2026-04-14 11:15:00-04:00,349.7950134277344,349.7950134277344,349.7950134277344,349.7950134277344,1049,0.0,0.0,ADI,1m
2026-04-14 11:16:00-04:00,349.7900085449219,349.7900085449219,349.6199951171875,349.7900085449219,612,0.0,0.0,ADI,1m
2026-04-14 11:17:00-04:00,349.9599914550781,349.9599914550781,349.6300048828125,349.7300109863281,2406,0.0,0.0,ADI,1m
2026-04-14 11:18:00-04:00,349.75,349.8800048828125,349.75,349.8800048828125,4043,0.0,0.0,ADI,1m
2026-04-14 11:19:00-04:00,350.0,350.0899963378906,350.0,350.0899963378906,1621,0.0,0.0,ADI,1m
2026-04-14 11:20:00-04:00,350.05999755859375,350.0799865722656,349.90008544921875,350.0350036621094,5510,0.0,0.0,ADI,1m
2026-04-14 11:21:00-04:00,350.0400085449219,350.0400085449219,350.0350036621094,350.0350036621094,1068,0.0,0.0,ADI,1m
2026-04-14 11:22:00-04:00,350.0350036621094,350.0350036621094,349.9100036621094,349.9100036621094,1747,0.0,0.0,ADI,1m
2026-04-14 11:23:00-04:00,349.92999267578125,350.1300048828125,349.92999267578125,350.05499267578125,3571,0.0,0.0,ADI,1m
2026-04-14 11:24:00-04:00,350.04998779296875,350.04998779296875,350.04998779296875,350.04998779296875,1858,0.0,0.0,ADI,1m
2026-04-14 11:25:00-04:00,350.04998779296875,350.3399963378906,350.04998779296875,350.3399963378906,1848,0.0,0.0,ADI,1m
2026-04-14 11:26:00-04:00,350.1050109863281,350.20001220703125,350.1050109863281,350.20001220703125,1071,0.0,0.0,ADI,1m
2026-04-14 11:27:00-04:00,350.1050109863281,350.1400146484375,350.0953063964844,350.1400146484375,3180,0.0,0.0,ADI,1m
2026-04-14 11:28:00-04:00,350.260009765625,350.2799987792969,350.2200012207031,350.2200012207031,1956,0.0,0.0,ADI,1m
2026-04-14 11:29:00-04:00,350.2200012207031,350.2200012207031,349.9700012207031,350.1499938964844,3090,0.0,0.0,ADI,1m
2026-04-14 11:30:00-04:00,350.1400146484375,350.1400146484375,350.1400146484375,350.1400146484375,517,0.0,0.0,ADI,1m
2026-04-14 11:31:00-04:00,350.1650085449219,350.29730224609375,350.010009765625,350.1499938964844,4589,0.0,0.0,ADI,1m
2026-04-14 11:32:00-04:00,350.0,350.0,349.70001220703125,349.70001220703125,2122,0.0,0.0,ADI,1m
2026-04-14 11:33:00-04:00,349.70001220703125,350.0,349.70001220703125,349.9100036621094,2285,0.0,0.0,ADI,1m
2026-04-14 11:34:00-04:00,349.8599853515625,349.8599853515625,349.6700134277344,349.8500061035156,3651,0.0,0.0,ADI,1m
2026-04-14 11:35:00-04:00,349.8399963378906,349.8399963378906,349.6700134277344,349.6700134277344,1510,0.0,0.0,ADI,1m
2026-04-14 11:36:00-04:00,349.7349853515625,349.7349853515625,349.7300109863281,349.7300109863281,530,0.0,0.0,ADI,1m
2026-04-14 11:37:00-04:00,349.625,349.7149963378906,349.625,349.7149963378906,1743,0.0,0.0,ADI,1m
2026-04-14 11:38:00-04:00,349.57000732421875,349.6549987792969,349.2099914550781,349.2099914550781,2470,0.0,0.0,ADI,1m
2026-04-14 11:39:00-04:00,349.2699890136719,349.67999267578125,349.2099914550781,349.5,13042,0.0,0.0,ADI,1m
2026-04-14 11:40:00-04:00,349.3800048828125,349.5216064453125,349.2799987792969,349.3450012207031,2685,0.0,0.0,ADI,1m
2026-04-14 11:41:00-04:00,349.3399963378906,349.3399963378906,349.32000732421875,349.32000732421875,843,0.0,0.0,ADI,1m
2026-04-14 11:42:00-04:00,349.32501220703125,349.32501220703125,349.32501220703125,349.32501220703125,872,0.0,0.0,ADI,1m
2026-04-14 11:43:00-04:00,349.4700012207031,349.5057067871094,349.1600036621094,349.1600036621094,4491,0.0,0.0,ADI,1m
2026-04-14 11:44:00-04:00,349.17999267578125,349.3399963378906,349.17999267578125,349.2250061035156,3731,0.0,0.0,ADI,1m
2026-04-14 11:45:00-04:00,349.3699951171875,349.6000061035156,349.3599853515625,349.5899963378906,6622,0.0,0.0,ADI,1m
2026-04-14 11:46:00-04:00,349.56500244140625,349.68499755859375,349.3500061035156,349.375,13781,0.0,0.0,ADI,1m
2026-04-14 11:47:00-04:00,349.375,349.375,349.375,349.375,753,0.0,0.0,ADI,1m
2026-04-14 11:48:00-04:00,349.3550109863281,349.3999938964844,349.3500061035156,349.3500061035156,1508,0.0,0.0,ADI,1m
2026-04-14 11:49:00-04:00,349.3900146484375,349.5899963378906,349.3500061035156,349.5899963378906,3222,0.0,0.0,ADI,1m
2026-04-14 11:51:00-04:00,349.489990234375,349.5899963378906,349.489990234375,349.5199890136719,2898,0.0,0.0,ADI,1m
2026-04-14 11:52:00-04:00,349.57000732421875,349.57000732421875,349.57000732421875,349.57000732421875,607,0.0,0.0,ADI,1m
2026-04-14 11:53:00-04:00,349.57501220703125,349.57501220703125,349.57501220703125,349.57501220703125,1296,0.0,0.0,ADI,1m
2026-04-14 11:54:00-04:00,349.70001220703125,349.70001220703125,349.5899963378906,349.5899963378906,664,0.0,0.0,ADI,1m
2026-04-14 11:55:00-04:00,349.4700012207031,349.7699890136719,349.4700012207031,349.7200012207031,5642,0.0,0.0,ADI,1m
2026-04-14 11:57:00-04:00,349.45001220703125,349.5899963378906,349.44000244140625,349.4599914550781,3201,0.0,0.0,ADI,1m
2026-04-14 11:58:00-04:00,349.385009765625,349.385009765625,349.385009765625,349.385009765625,779,0.0,0.0,ADI,1m
2026-04-14 11:59:00-04:00,349.2449951171875,349.2449951171875,349.1000061035156,349.1499938964844,5048,0.0,0.0,ADI,1m
2026-04-14 12:00:00-04:00,349.1499938964844,349.3500061035156,349.1449890136719,349.1449890136719,1168,0.0,0.0,ADI,1m
2026-04-14 12:01:00-04:00,349.3500061035156,349.3500061035156,349.1199951171875,349.1199951171875,3200,0.0,0.0,ADI,1m
2026-04-14 12:02:00-04:00,349.2900085449219,349.2900085449219,349.2850036621094,349.2850036621094,459,0.0,0.0,ADI,1m
2026-04-14 12:03:00-04:00,349.3399963378906,349.45001220703125,349.3399963378906,349.45001220703125,1632,0.0,0.0,ADI,1m
2026-04-14 12:04:00-04:00,349.364990234375,349.364990234375,349.20001220703125,349.20001220703125,1999,0.0,0.0,ADI,1m
2026-04-14 12:05:00-04:00,349.20001220703125,349.3349914550781,349.18499755859375,349.18499755859375,4550,0.0,0.0,ADI,1m
2026-04-14 12:06:00-04:00,349.17498779296875,349.17498779296875,348.9750061035156,348.9750061035156,6500,0.0,0.0,ADI,1m
2026-04-14 12:07:00-04:00,349.09991455078125,349.09991455078125,348.7799987792969,348.7900085449219,2561,0.0,0.0,ADI,1m
2026-04-14 12:08:00-04:00,348.8800048828125,349.1000061035156,348.7099914550781,348.7099914550781,3116,0.0,0.0,ADI,1m
2026-04-14 12:09:00-04:00,348.8550109863281,348.8550109863281,348.6400146484375,348.6400146484375,1382,0.0,0.0,ADI,1m
2026-04-14 12:10:00-04:00,348.75,348.8699951171875,348.6499938964844,348.8699951171875,1791,0.0,0.0,ADI,1m
2026-04-14 12:11:00-04:00,348.5799865722656,348.7900085449219,348.5799865722656,348.6700134277344,1600,0.0,0.0,ADI,1m
2026-04-14 12:12:00-04:00,348.7099914550781,348.7099914550781,348.5899963378906,348.68499755859375,4597,0.0,0.0,ADI,1m
2026-04-14 12:14:00-04:00,348.5799865722656,348.6199951171875,348.489990234375,348.614990234375,3151,0.0,0.0,ADI,1m
2026-04-14 12:15:00-04:00,348.6099853515625,348.6099853515625,348.6099853515625,348.6099853515625,752,0.0,0.0,ADI,1m
2026-04-14 12:16:00-04:00,348.54998779296875,348.54998779296875,348.3900146484375,348.4599914550781,2600,0.0,0.0,ADI,1m
2026-04-14 12:17:00-04:00,348.4599914550781,348.4599914550781,348.4599914550781,348.4599914550781,1149,0.0,0.0,ADI,1m
2026-04-14 12:19:00-04:00,348.3500061035156,348.4599914550781,348.3500061035156,348.3994140625,1577,0.0,0.0,ADI,1m
2026-04-14 12:20:00-04:00,348.4649963378906,348.4649963378906,348.4100036621094,348.4100036621094,743,0.0,0.0,ADI,1m
2026-04-14 12:21:00-04:00,348.4700012207031,348.4700012207031,348.3299865722656,348.3299865722656,3576,0.0,0.0,ADI,1m
2026-04-14 12:22:00-04:00,348.1400146484375,348.2449951171875,348.1400146484375,348.2449951171875,1169,0.0,0.0,ADI,1m
2026-04-14 12:23:00-04:00,348.2449951171875,348.2449951171875,348.1000061035156,348.1000061035156,512,0.0,0.0,ADI,1m
2026-04-14 12:24:00-04:00,348.0899963378906,348.1499938964844,348.010009765625,348.1499938964844,1305,0.0,0.0,ADI,1m
2026-04-14 12:25:00-04:00,348.1400146484375,348.1400146484375,348.04998779296875,348.1400146484375,892,0.0,0.0,ADI,1m
2026-04-14 12:26:00-04:00,348.1099853515625,348.1300048828125,348.1099853515625,348.125,2221,0.0,0.0,ADI,1m
2026-04-14 12:27:00-04:00,348.1300048828125,348.2200012207031,348.125,348.1549987792969,4779,0.0,0.0,ADI,1m
2026-04-14 12:28:00-04:00,348.1549987792969,348.1549987792969,348.0299987792969,348.1199951171875,1199,0.0,0.0,ADI,1m
2026-04-14 12:29:00-04:00,348.125,348.125,348.125,348.125,604,0.0,0.0,ADI,1m
2026-04-14 12:30:00-04:00,348.125,348.1300048828125,348.0299987792969,348.114990234375,1525,0.0,0.0,ADI,1m
2026-04-14 12:31:00-04:00,347.989990234375,348.0950012207031,347.989990234375,348.0950012207031,4754,0.0,0.0,ADI,1m
2026-04-14 12:32:00-04:00,347.8450012207031,347.8450012207031,347.8450012207031,347.8450012207031,880,0.0,0.0,ADI,1m
2026-04-14 12:33:00-04:00,347.8450012207031,347.8450012207031,347.6700134277344,347.7099914550781,2953,0.0,0.0,ADI,1m
2026-04-14 12:34:00-04:00,347.8800048828125,347.8800048828125,347.68499755859375,347.7950134277344,2682,0.0,0.0,ADI,1m
2026-04-14 12:35:00-04:00,347.8299865722656,347.8299865722656,347.8299865722656,347.8299865722656,720,0.0,0.0,ADI,1m
2026-04-14 12:36:00-04:00,347.8299865722656,347.8299865722656,347.8299865722656,347.8299865722656,2552,0.0,0.0,ADI,1m
2026-04-14 12:37:00-04:00,347.9700012207031,348.05999755859375,347.92498779296875,347.9949951171875,4088,0.0,0.0,ADI,1m
2026-04-14 12:38:00-04:00,347.9949951171875,347.9949951171875,347.9949951171875,347.9949951171875,864,0.0,0.0,ADI,1m
2026-04-14 12:39:00-04:00,348.0899963378906,348.260009765625,348.0899963378906,348.260009765625,2885,0.0,0.0,ADI,1m
2026-04-14 12:40:00-04:00,348.2950134277344,348.2950134277344,348.2950134277344,348.2950134277344,863,0.0,0.0,ADI,1m
2026-04-14 12:41:00-04:00,348.110107421875,348.2950134277344,348.110107421875,348.2900085449219,1577,0.0,0.0,ADI,1m
2026-04-14 12:42:00-04:00,348.2950134277344,348.2950134277344,348.2950134277344,348.2950134277344,289,0.0,0.0,ADI,1m
2026-04-14 12:43:00-04:00,348.29998779296875,348.30499267578125,348.29998779296875,348.30499267578125,1694,0.0,0.0,ADI,1m
2026-04-14 12:44:00-04:00,348.4100036621094,348.4100036621094,348.1300048828125,348.30499267578125,1077,0.0,0.0,ADI,1m
2026-04-14 12:45:00-04:00,348.3229064941406,348.3399963378906,348.20001220703125,348.260009765625,2592,0.0,0.0,ADI,1m
2026-04-14 12:46:00-04:00,348.2101135253906,348.29998779296875,348.1099853515625,348.29998779296875,2480,0.0,0.0,ADI,1m
2026-04-14 12:47:00-04:00,348.2300109863281,348.2300109863281,348.1000061035156,348.1000061035156,2409,0.0,0.0,ADI,1m
2026-04-14 12:48:00-04:00,348.20001220703125,348.20001220703125,348.19500732421875,348.19500732421875,1093,0.0,0.0,ADI,1m
2026-04-14 12:49:00-04:00,348.19500732421875,348.2900085449219,348.19500732421875,348.19500732421875,2571,0.0,0.0,ADI,1m
2026-04-14 12:50:00-04:00,348.17999267578125,348.17999267578125,348.1199951171875,348.1199951171875,2008,0.0,0.0,ADI,1m
2026-04-14 12:51:00-04:00,348.125,348.125,348.125,348.125,1253,0.0,0.0,ADI,1m
2026-04-14 12:52:00-04:00,348.0950012207031,348.0950012207031,347.8599853515625,347.8599853515625,5361,0.0,0.0,ADI,1m
2026-04-14 12:53:00-04:00,347.8699951171875,347.95001220703125,347.7900085449219,347.885009765625,9293,0.0,0.0,ADI,1m
2026-04-14 12:54:00-04:00,347.8550109863281,347.8949890136719,347.8550109863281,347.8949890136719,1893,0.0,0.0,ADI,1m
2026-04-14 12:55:00-04:00,347.92999267578125,348.1700134277344,347.8599853515625,347.9800109863281,7696,0.0,0.0,ADI,1m
2026-04-14 12:56:00-04:00,347.9750061035156,347.9750061035156,347.7799987792969,347.80499267578125,1879,0.0,0.0,ADI,1m
2026-04-14 12:57:00-04:00,347.93499755859375,347.9549865722656,347.93499755859375,347.9549865722656,617,0.0,0.0,ADI,1m
2026-04-14 12:58:00-04:00,347.7799987792969,347.79998779296875,347.75,347.79998779296875,2307,0.0,0.0,ADI,1m
2026-04-14 13:00:00-04:00,347.8450012207031,347.8450012207031,347.8450012207031,347.8450012207031,1240,0.0,0.0,ADI,1m
2026-04-14 13:02:00-04:00,347.8450012207031,347.8450012207031,347.7449951171875,347.7449951171875,2632,0.0,0.0,ADI,1m
2026-04-14 13:03:00-04:00,347.70001220703125,347.7049865722656,347.70001220703125,347.7049865722656,2464,0.0,0.0,ADI,1m
2026-04-14 13:04:00-04:00,347.7049865722656,347.7049865722656,347.5201110839844,347.5201110839844,1341,0.0,0.0,ADI,1m
2026-04-14 13:05:00-04:00,347.8699951171875,347.8699951171875,347.8699951171875,347.8699951171875,854,0.0,0.0,ADI,1m
2026-04-14 13:06:00-04:00,347.9195861816406,348.0400085449219,347.7974853515625,347.885009765625,2183,0.0,0.0,ADI,1m
2026-04-14 13:07:00-04:00,347.9200134277344,347.9200134277344,347.9200134277344,347.9200134277344,2385,0.0,0.0,ADI,1m
2026-04-14 13:08:00-04:00,348.07000732421875,348.2300109863281,348.07000732421875,348.2300109863281,1275,0.0,0.0,ADI,1m
2026-04-14 13:09:00-04:00,348.25,348.25,348.19000244140625,348.19500732421875,2189,0.0,0.0,ADI,1m
2026-04-14 13:10:00-04:00,348.2300109863281,348.2300109863281,348.2250061035156,348.2250061035156,1994,0.0,0.0,ADI,1m
2026-04-14 13:11:00-04:00,348.1400146484375,348.1400146484375,347.8500061035156,347.8500061035156,7441,0.0,0.0,ADI,1m
2026-04-14 13:12:00-04:00,348.19000244140625,348.20001220703125,348.125,348.1600036621094,1780,0.0,0.0,ADI,1m
2026-04-14 13:13:00-04:00,348.1600036621094,348.30999755859375,348.1600036621094,348.2799987792969,3708,0.0,0.0,ADI,1m
2026-04-14 13:14:00-04:00,348.2149963378906,348.2900085449219,347.9750061035156,347.9800109863281,3563,0.0,0.0,ADI,1m
2026-04-14 13:16:00-04:00,348.04998779296875,348.04998779296875,347.9599914550781,347.9599914550781,1776,0.0,0.0,ADI,1m
2026-04-14 13:17:00-04:00,348.0050048828125,348.04998779296875,347.91009521484375,348.04998779296875,2408,0.0,0.0,ADI,1m
2026-04-14 13:18:00-04:00,348.19000244140625,348.3999938964844,348.1549987792969,348.385009765625,8889,0.0,0.0,ADI,1m
2026-04-14 13:19:00-04:00,348.2099914550781,348.385009765625,348.1700134277344,348.385009765625,6186,0.0,0.0,ADI,1m
2026-04-14 13:20:00-04:00,348.385009765625,348.385009765625,348.3800048828125,348.3800048828125,1203,0.0,0.0,ADI,1m
2026-04-14 13:21:00-04:00,348.2099914550781,348.4800109863281,348.2099914550781,348.42999267578125,4246,0.0,0.0,ADI,1m
2026-04-14 13:22:00-04:00,348.5,348.5050048828125,348.5,348.5050048828125,2064,0.0,0.0,ADI,1m
2026-04-14 13:23:00-04:00,348.6099853515625,348.7160949707031,348.4599914550781,348.4599914550781,5641,0.0,0.0,ADI,1m
2026-04-14 13:24:00-04:00,348.5899963378906,348.6400146484375,348.4599914550781,348.635009765625,4338,0.0,0.0,ADI,1m
2026-04-14 13:25:00-04:00,348.625,348.75,348.4200134277344,348.7449951171875,7475,0.0,0.0,ADI,1m
2026-04-14 13:26:00-04:00,348.7349853515625,348.7349853515625,348.57000732421875,348.6549987792969,1373,0.0,0.0,ADI,1m
2026-04-14 13:27:00-04:00,348.6600036621094,348.6600036621094,348.6600036621094,348.6600036621094,400,0.0,0.0,ADI,1m
2026-04-14 13:28:00-04:00,348.6600036621094,348.6600036621094,348.6600036621094,348.6600036621094,733,0.0,0.0,ADI,1m
2026-04-14 13:29:00-04:00,348.6499938964844,348.6499938964844,348.54998779296875,348.57000732421875,1836,0.0,0.0,ADI,1m
2026-04-14 13:30:00-04:00,348.6199951171875,348.739990234375,348.6199951171875,348.6400146484375,2782,0.0,0.0,ADI,1m
2026-04-14 13:32:00-04:00,348.75,348.75,348.7099914550781,348.7099914550781,2708,0.0,0.0,ADI,1m
2026-04-14 13:33:00-04:00,348.6824951171875,348.8349914550781,348.6549987792969,348.8349914550781,1859,0.0,0.0,ADI,1m
2026-04-14 13:34:00-04:00,348.9200134277344,348.9599914550781,348.8800048828125,348.8800048828125,4978,0.0,0.0,ADI,1m
2026-04-14 13:35:00-04:00,348.92498779296875,348.9700012207031,348.79998779296875,348.9700012207031,1730,0.0,0.0,ADI,1m
2026-04-14 13:36:00-04:00,348.885009765625,348.885009765625,348.7900085449219,348.81500244140625,1811,0.0,0.0,ADI,1m
2026-04-14 13:37:00-04:00,348.6700134277344,348.7099914550781,348.6000061035156,348.7099914550781,1577,0.0,0.0,ADI,1m
2026-04-14 13:38:00-04:00,348.6650085449219,348.6650085449219,348.6650085449219,348.6650085449219,1557,0.0,0.0,ADI,1m
2026-04-14 13:39:00-04:00,348.6650085449219,348.79998779296875,348.6600036621094,348.7900085449219,3466,0.0,0.0,ADI,1m
2026-04-14 13:40:00-04:00,348.82501220703125,348.8299865722656,348.82000732421875,348.82000732421875,1156,0.0,0.0,ADI,1m
2026-04-14 13:41:00-04:00,348.7850036621094,348.95001220703125,348.7850036621094,348.95001220703125,3081,0.0,0.0,ADI,1m
2026-04-14 13:43:00-04:00,348.95001220703125,348.9599914550781,348.8399963378906,348.93499755859375,4199,0.0,0.0,ADI,1m
2026-04-14 13:44:00-04:00,348.8500061035156,348.8500061035156,348.8500061035156,348.8500061035156,1072,0.0,0.0,ADI,1m
2026-04-14 13:45:00-04:00,348.9200134277344,348.9649963378906,348.8399963378906,348.9100036621094,3129,0.0,0.0,ADI,1m
2026-04-14 13:46:00-04:00,348.8800048828125,348.8800048828125,348.8399963378906,348.8399963378906,1472,0.0,0.0,ADI,1m
2026-04-14 13:47:00-04:00,348.80999755859375,348.8699951171875,348.80499267578125,348.8699951171875,1705,0.0,0.0,ADI,1m
2026-04-14 13:48:00-04:00,348.82501220703125,348.9100036621094,348.82501220703125,348.9100036621094,1330,0.0,0.0,ADI,1m
2026-04-14 13:49:00-04:00,348.989990234375,348.989990234375,348.93499755859375,348.93499755859375,2219,0.0,0.0,ADI,1m
2026-04-14 13:50:00-04:00,349.0450134277344,349.0450134277344,349.0450134277344,349.0450134277344,1721,0.0,0.0,ADI,1m
2026-04-14 13:52:00-04:00,348.8900146484375,348.9800109863281,348.8900146484375,348.9800109863281,1174,0.0,0.0,ADI,1m
2026-04-14 13:53:00-04:00,348.8299865722656,348.8599853515625,348.7300109863281,348.8299865722656,1065,0.0,0.0,ADI,1m
2026-04-14 13:54:00-04:00,348.8299865722656,348.8299865722656,348.8299865722656,348.8299865722656,2050,0.0,0.0,ADI,1m
2026-04-14 13:55:00-04:00,348.8599853515625,348.8599853515625,348.79998779296875,348.80999755859375,1134,0.0,0.0,ADI,1m
2026-04-14 13:56:00-04:00,348.80999755859375,348.8500061035156,348.7300109863281,348.7749938964844,5035,0.0,0.0,ADI,1m
2026-04-14 13:57:00-04:00,348.7749938964844,348.7749938964844,348.6300048828125,348.6300048828125,3964,0.0,0.0,ADI,1m
2026-04-14 13:58:00-04:00,348.7300109863281,348.8500061035156,348.7300109863281,348.8399963378906,3318,0.0,0.0,ADI,1m
2026-04-14 13:59:00-04:00,348.8500061035156,349.010009765625,348.8500061035156,349.010009765625,3681,0.0,0.0,ADI,1m
2026-04-14 14:00:00-04:00,348.92999267578125,348.9549865722656,348.8299865722656,348.9049987792969,2918,0.0,0.0,ADI,1m
2026-04-14 14:01:00-04:00,348.9049987792969,348.9049987792969,348.9049987792969,348.9049987792969,426,0.0,0.0,ADI,1m
2026-04-14 14:02:00-04:00,348.9049987792969,349.1400146484375,348.9049987792969,349.1400146484375,3678,0.0,0.0,ADI,1m
2026-04-14 14:03:00-04:00,349.0849914550781,349.20001220703125,349.05999755859375,349.1300048828125,3499,0.0,0.0,ADI,1m
2026-04-14 14:04:00-04:00,349.1700134277344,349.1700134277344,348.9549865722656,348.9549865722656,3160,0.0,0.0,ADI,1m
2026-04-14 14:05:00-04:00,348.9549865722656,348.9549865722656,348.9549865722656,348.9549865722656,1652,0.0,0.0,ADI,1m
2026-04-14 14:06:00-04:00,348.9549865722656,348.9549865722656,348.9549865722656,348.9549865722656,1055,0.0,0.0,ADI,1m
2026-04-14 14:07:00-04:00,348.8599853515625,349.1199951171875,348.81500244140625,349.1199951171875,3632,0.0,0.0,ADI,1m
2026-04-14 14:08:00-04:00,349.1700134277344,349.1700134277344,349.1700134277344,349.1700134277344,889,0.0,0.0,ADI,1m
2026-04-14 14:09:00-04:00,349.19000244140625,349.2843017578125,349.19000244140625,349.2099914550781,7130,0.0,0.0,ADI,1m
2026-04-14 14:10:00-04:00,349.2099914550781,349.2149963378906,349.0,349.1400146484375,2692,0.0,0.0,ADI,1m
2026-04-14 14:11:00-04:00,349.1099853515625,349.1099853515625,349.1050109863281,349.1050109863281,1079,0.0,0.0,ADI,1m
2026-04-14 14:12:00-04:00,349.1050109863281,349.218994140625,349.1050109863281,349.218994140625,1740,0.0,0.0,ADI,1m
2026-04-14 14:13:00-04:00,349.0199890136719,349.2749938964844,349.0199890136719,349.2749938964844,2505,0.0,0.0,ADI,1m
2026-04-14 14:14:00-04:00,349.2749938964844,349.2749938964844,349.19000244140625,349.2699890136719,1454,0.0,0.0,ADI,1m
2026-04-14 14:15:00-04:00,349.2749938964844,349.2749938964844,349.20001220703125,349.2749938964844,1939,0.0,0.0,ADI,1m
2026-04-14 14:16:00-04:00,349.2749938964844,349.472412109375,349.2749938964844,349.4100036621094,5476,0.0,0.0,ADI,1m
2026-04-14 14:17:00-04:00,349.3699951171875,349.4700012207031,349.260009765625,349.3299865722656,3505,0.0,0.0,ADI,1m
2026-04-14 14:18:00-04:00,349.2550048828125,349.2763977050781,349.2550048828125,349.2763977050781,1124,0.0,0.0,ADI,1m
2026-04-14 14:19:00-04:00,349.2550048828125,349.3500061035156,349.25,349.2950134277344,2485,0.0,0.0,ADI,1m
2026-04-14 14:20:00-04:00,349.4389953613281,349.4389953613281,349.2950134277344,349.2950134277344,1750,0.0,0.0,ADI,1m
2026-04-14 14:21:00-04:00,349.2550048828125,349.2550048828125,349.1099853515625,349.19000244140625,3835,0.0,0.0,ADI,1m
2026-04-14 14:22:00-04:00,349.31500244140625,349.42999267578125,349.31500244140625,349.3599853515625,1003,0.0,0.0,ADI,1m
2026-04-14 14:23:00-04:00,349.3599853515625,349.3599853515625,349.2699890136719,349.2699890136719,1571,0.0,0.0,ADI,1m
2026-04-14 14:24:00-04:00,349.3450012207031,349.4800109863281,349.17999267578125,349.17999267578125,8032,0.0,0.0,ADI,1m
2026-04-14 14:25:00-04:00,349.19000244140625,349.2799987792969,349.19000244140625,349.2799987792969,1294,0.0,0.0,ADI,1m
2026-04-14 14:26:00-04:00,349.31500244140625,349.32000732421875,349.31500244140625,349.32000732421875,1182,0.0,0.0,ADI,1m
2026-04-14 14:27:00-04:00,349.3500061035156,349.4372863769531,349.3500061035156,349.3949890136719,3768,0.0,0.0,ADI,1m
2026-04-14 14:28:00-04:00,349.3349914550781,349.3349914550781,349.32501220703125,349.32501220703125,1009,0.0,0.0,ADI,1m
2026-04-14 14:29:00-04:00,349.3999938964844,349.44000244140625,349.3550109863281,349.3949890136719,2221,0.0,0.0,ADI,1m
2026-04-14 14:30:00-04:00,349.3900146484375,349.3900146484375,349.3900146484375,349.3900146484375,1431,0.0,0.0,ADI,1m
2026-04-14 14:31:00-04:00,349.3900146484375,349.4700012207031,349.3851013183594,349.3851013183594,382,0.0,0.0,ADI,1m
2026-04-14 14:32:00-04:00,349.385009765625,349.635009765625,349.385009765625,349.4949951171875,9378,0.0,0.0,ADI,1m
2026-04-14 14:33:00-04:00,349.3500061035156,349.45001220703125,349.3500061035156,349.4150085449219,2307,0.0,0.0,ADI,1m
2026-04-14 14:34:00-04:00,349.3999938964844,349.3999938964844,349.25,349.3399963378906,1725,0.0,0.0,ADI,1m
2026-04-14 14:35:00-04:00,349.32501220703125,349.45001220703125,349.32000732421875,349.45001220703125,2968,0.0,0.0,ADI,1m
2026-04-14 14:36:00-04:00,349.4649963378906,349.4649963378906,349.4649963378906,349.4649963378906,109,0.0,0.0,ADI,1m
2026-04-14 14:37:00-04:00,349.4649963378906,349.6199951171875,349.4599914550781,349.55499267578125,2805,0.0,0.0,ADI,1m
2026-04-14 14:38:00-04:00,349.614990234375,349.6300048828125,349.45001220703125,349.45001220703125,2980,0.0,0.0,ADI,1m
2026-04-14 14:39:00-04:00,349.4599914550781,349.5899963378906,349.42498779296875,349.5899963378906,2075,0.0,0.0,ADI,1m
2026-04-14 14:40:00-04:00,349.5849914550781,349.760009765625,349.5849914550781,349.760009765625,1431,0.0,0.0,ADI,1m
2026-04-14 14:41:00-04:00,349.6499938964844,349.6499938964844,349.635009765625,349.635009765625,2412,0.0,0.0,ADI,1m
2026-04-14 14:42:00-04:00,349.635009765625,349.635009765625,349.57000732421875,349.57000732421875,4456,0.0,0.0,ADI,1m
2026-04-14 14:44:00-04:00,349.6099853515625,349.6099853515625,349.4100036621094,349.5174865722656,2941,0.0,0.0,ADI,1m
2026-04-14 14:45:00-04:00,349.6000061035156,349.8799133300781,349.6000061035156,349.7300109863281,4385,0.0,0.0,ADI,1m
2026-04-14 14:46:00-04:00,349.760009765625,349.760009765625,349.760009765625,349.760009765625,2848,0.0,0.0,ADI,1m
2026-04-14 14:47:00-04:00,349.67999267578125,349.739990234375,349.6400146484375,349.739990234375,2774,0.0,0.0,ADI,1m
2026-04-14 14:48:00-04:00,349.6199951171875,349.6199951171875,349.57000732421875,349.5950012207031,1975,0.0,0.0,ADI,1m
2026-04-14 14:49:00-04:00,349.6400146484375,349.75,349.6400146484375,349.75,2424,0.0,0.0,ADI,1m
2026-04-14 14:50:00-04:00,349.82000732421875,349.9150085449219,349.82000732421875,349.8349914550781,8218,0.0,0.0,ADI,1m
2026-04-14 14:51:00-04:00,349.8349914550781,349.8900146484375,349.8349914550781,349.8900146484375,1371,0.0,0.0,ADI,1m
2026-04-14 14:52:00-04:00,349.8599853515625,349.94000244140625,349.8599853515625,349.94000244140625,1805,0.0,0.0,ADI,1m
2026-04-14 14:53:00-04:00,349.9599914550781,349.989990234375,349.864990234375,349.989990234375,1592,0.0,0.0,ADI,1m
2026-04-14 14:54:00-04:00,349.8800048828125,350.0350036621094,349.75,349.75,5189,0.0,0.0,ADI,1m
2026-04-14 14:55:00-04:00,349.75,349.9100036621094,349.6400146484375,349.6400146484375,3571,0.0,0.0,ADI,1m
2026-04-14 14:56:00-04:00,349.625,349.7250061035156,349.6199951171875,349.7099914550781,1140,0.0,0.0,ADI,1m
2026-04-14 14:57:00-04:00,349.7200012207031,349.7250061035156,349.7200012207031,349.7250061035156,1087,0.0,0.0,ADI,1m
2026-04-14 14:58:00-04:00,349.7250061035156,349.7250061035156,349.7250061035156,349.7250061035156,1891,0.0,0.0,ADI,1m
2026-04-14 14:59:00-04:00,349.6600036621094,349.739990234375,349.6600036621094,349.739990234375,987,0.0,0.0,ADI,1m
2026-04-14 15:00:00-04:00,349.7099914550781,349.83990478515625,349.6000061035156,349.6549987792969,4259,0.0,0.0,ADI,1m
2026-04-14 15:01:00-04:00,349.6549987792969,349.7099914550781,349.5150146484375,349.5150146484375,4136,0.0,0.0,ADI,1m
2026-04-14 15:02:00-04:00,349.56500244140625,349.56500244140625,349.4800109863281,349.5299987792969,3576,0.0,0.0,ADI,1m
2026-04-14 15:03:00-04:00,349.5199890136719,349.5199890136719,349.3900146484375,349.3900146484375,1506,0.0,0.0,ADI,1m
2026-04-14 15:04:00-04:00,349.489990234375,349.510009765625,349.44000244140625,349.510009765625,907,0.0,0.0,ADI,1m
2026-04-14 15:05:00-04:00,349.430908203125,349.7149963378906,349.430908203125,349.7149963378906,5107,0.0,0.0,ADI,1m
2026-04-14 15:06:00-04:00,349.7099914550781,349.7900085449219,349.6400146484375,349.6400146484375,5369,0.0,0.0,ADI,1m
2026-04-14 15:07:00-04:00,349.69500732421875,349.69500732421875,349.55999755859375,349.635009765625,3663,0.0,0.0,ADI,1m
2026-04-14 15:08:00-04:00,349.6300048828125,349.6300048828125,349.6300048828125,349.6300048828125,905,0.0,0.0,ADI,1m
2026-04-14 15:09:00-04:00,349.6300048828125,349.6300048828125,349.44000244140625,349.44000244140625,3537,0.0,0.0,ADI,1m
2026-04-14 15:10:00-04:00,349.44000244140625,349.4599914550781,349.44000244140625,349.4599914550781,601,0.0,0.0,ADI,1m
2026-04-14 15:11:00-04:00,349.5299987792969,349.5799865722656,349.5299987792969,349.5299987792969,1842,0.0,0.0,ADI,1m
2026-04-14 15:12:00-04:00,349.6400146484375,349.67999267578125,349.5799865722656,349.5799865722656,2788,0.0,0.0,ADI,1m
2026-04-14 15:13:00-04:00,349.5199890136719,349.8500061035156,349.5199890136719,349.8500061035156,22776,0.0,0.0,ADI,1m
2026-04-14 15:14:00-04:00,349.7749938964844,349.7749938964844,349.6700134277344,349.6700134277344,2709,0.0,0.0,ADI,1m
2026-04-14 15:15:00-04:00,349.7799987792969,349.7799987792969,349.590087890625,349.67999267578125,1359,0.0,0.0,ADI,1m
2026-04-14 15:16:00-04:00,349.68499755859375,349.8349914550781,349.68499755859375,349.75,3505,0.0,0.0,ADI,1m
2026-04-14 15:17:00-04:00,349.9100036621094,349.9200134277344,349.8399963378906,349.8599853515625,4564,0.0,0.0,ADI,1m
2026-04-14 15:18:00-04:00,349.93499755859375,350.08990478515625,349.7799987792969,349.9549865722656,1280,0.0,0.0,ADI,1m
2026-04-14 15:19:00-04:00,349.9549865722656,350.20001220703125,349.9549865722656,350.0899963378906,3025,0.0,0.0,ADI,1m
2026-04-14 15:20:00-04:00,350.1000061035156,350.3450012207031,350.1000061035156,350.260009765625,4155,0.0,0.0,ADI,1m
2026-04-14 15:21:00-04:00,350.2799987792969,350.42498779296875,350.19000244140625,350.19000244140625,7180,0.0,0.0,ADI,1m
2026-04-14 15:22:00-04:00,350.2149963378906,350.239990234375,350.0600891113281,350.0950012207031,3279,0.0,0.0,ADI,1m
2026-04-14 15:23:00-04:00,350.0,350.1000061035156,350.0,350.0,1344,0.0,0.0,ADI,1m
2026-04-14 15:24:00-04:00,350.0950012207031,350.0950012207031,349.9800109863281,350.0799865722656,2204,0.0,0.0,ADI,1m
2026-04-14 15:25:00-04:00,350.07501220703125,350.3299865722656,350.07501220703125,350.2699890136719,4591,0.0,0.0,ADI,1m
2026-04-14 15:26:00-04:00,350.25,350.42999267578125,350.25,350.3599853515625,4300,0.0,0.0,ADI,1m
2026-04-14 15:27:00-04:00,350.32501220703125,350.3699951171875,350.30999755859375,350.31500244140625,3044,0.0,0.0,ADI,1m
2026-04-14 15:28:00-04:00,350.3699951171875,350.3699951171875,350.31500244140625,350.31500244140625,2120,0.0,0.0,ADI,1m
2026-04-14 15:29:00-04:00,350.3275146484375,350.5,350.31500244140625,350.3800048828125,4545,0.0,0.0,ADI,1m
2026-04-14 15:30:00-04:00,350.3500061035156,350.4200134277344,350.2699890136719,350.3599853515625,6494,0.0,0.0,ADI,1m
2026-04-14 15:31:00-04:00,350.375,350.375,350.2200012207031,350.2900085449219,2191,0.0,0.0,ADI,1m
2026-04-14 15:32:00-04:00,350.30999755859375,350.30999755859375,350.1199951171875,350.12750244140625,3794,0.0,0.0,ADI,1m
2026-04-14 15:33:00-04:00,350.0799865722656,350.1300048828125,349.9800109863281,350.0400085449219,7123,0.0,0.0,ADI,1m
2026-04-14 15:34:00-04:00,350.0400085449219,350.0400085449219,349.7900085449219,349.7900085449219,6058,0.0,0.0,ADI,1m
2026-04-14 15:35:00-04:00,349.81500244140625,349.81500244140625,349.45001220703125,349.45001220703125,3662,0.0,0.0,ADI,1m
2026-04-14 15:36:00-04:00,349.510009765625,349.6199951171875,349.4700012207031,349.6000061035156,5011,0.0,0.0,ADI,1m
2026-04-14 15:37:00-04:00,349.6600036621094,349.6600036621094,349.55999755859375,349.55999755859375,1651,0.0,0.0,ADI,1m
2026-04-14 15:38:00-04:00,349.635009765625,349.6700134277344,349.55999755859375,349.55999755859375,4458,0.0,0.0,ADI,1m
2026-04-14 15:39:00-04:00,349.6000061035156,349.6339111328125,349.29998779296875,349.30999755859375,4155,0.0,0.0,ADI,1m
2026-04-14 15:40:00-04:00,349.42999267578125,349.42999267578125,349.1400146484375,349.19000244140625,5222,0.0,0.0,ADI,1m
2026-04-14 15:41:00-04:00,349.1050109863281,349.1300048828125,349.1050109863281,349.1300048828125,2350,0.0,0.0,ADI,1m
2026-04-14 15:42:00-04:00,349.0350036621094,349.20001220703125,349.010009765625,349.010009765625,3522,0.0,0.0,ADI,1m
2026-04-14 15:43:00-04:00,349.0299987792969,349.17999267578125,348.94000244140625,349.1300048828125,7519,0.0,0.0,ADI,1m
2026-04-14 15:44:00-04:00,349.1400146484375,349.260009765625,349.1300048828125,349.1300048828125,6180,0.0,0.0,ADI,1m
2026-04-14 15:45:00-04:00,349.05999755859375,349.0849914550781,348.739990234375,348.8699951171875,17752,0.0,0.0,ADI,1m
2026-04-14 15:46:00-04:00,348.8699951171875,349.2250061035156,348.8699951171875,348.989990234375,7140,0.0,0.0,ADI,1m
2026-04-14 15:47:00-04:00,349.04998779296875,349.04998779296875,348.92999267578125,349.04998779296875,3248,0.0,0.0,ADI,1m
2026-04-14 15:48:00-04:00,348.9049987792969,349.05999755859375,348.8999938964844,349.05999755859375,2533,0.0,0.0,ADI,1m
2026-04-14 15:49:00-04:00,349.05999755859375,349.0899963378906,348.7099914550781,348.8299865722656,8656,0.0,0.0,ADI,1m
2026-04-14 15:50:00-04:00,348.94000244140625,349.45001220703125,348.94000244140625,349.1050109863281,10529,0.0,0.0,ADI,1m
2026-04-14 15:51:00-04:00,349.0,349.1050109863281,348.92999267578125,349.01629638671875,6528,0.0,0.0,ADI,1m
2026-04-14 15:52:00-04:00,348.95001220703125,349.0450134277344,348.5400085449219,348.7300109863281,10820,0.0,0.0,ADI,1m
2026-04-14 15:53:00-04:00,348.55999755859375,348.7799987792969,348.44000244140625,348.4800109863281,18851,0.0,0.0,ADI,1m
2026-04-14 15:54:00-04:00,348.5350036621094,348.55999755859375,348.3599853515625,348.3900146484375,13469,0.0,0.0,ADI,1m
2026-04-14 15:55:00-04:00,348.489990234375,348.510009765625,348.0400085449219,348.1400146484375,32472,0.0,0.0,ADI,1m
2026-04-14 15:56:00-04:00,348.1600036621094,348.19500732421875,348.010009765625,348.0199890136719,24854,0.0,0.0,ADI,1m
2026-04-14 15:57:00-04:00,348.0299987792969,348.3500061035156,347.1199951171875,348.3399963378906,118791,0.0,0.0,ADI,1m
2026-04-14 15:58:00-04:00,348.3699951171875,348.4200134277344,348.25,348.3699951171875,54907,0.0,0.0,ADI,1m
2026-04-14 15:59:00-04:00,348.4100036621094,348.6700134277344,348.3699951171875,348.6000061035156,108201,0.0,0.0,ADI,1m
2026-04-15 09:30:00-04:00,347.3500061035156,347.9800109863281,345.7449951171875,347.3399963378906,40409,0.0,0.0,ADI,1m
2026-04-15 09:31:00-04:00,347.92999267578125,348.3800048828125,347.92999267578125,348.3800048828125,2319,0.0,0.0,ADI,1m
2026-04-15 09:32:00-04:00,348.0899963378906,348.8999938964844,348.0899963378906,348.8699951171875,2525,0.0,0.0,ADI,1m
2026-04-15 09:33:00-04:00,349.0526123046875,349.0526123046875,347.3699951171875,347.3699951171875,3929,0.0,0.0,ADI,1m
2026-04-15 09:34:00-04:00,347.3299865722656,347.4849853515625,347.3299865722656,347.4849853515625,1942,0.0,0.0,ADI,1m
2026-04-15 09:35:00-04:00,347.5,347.5400085449219,347.2799987792969,347.2799987792969,2055,0.0,0.0,ADI,1m
2026-04-15 09:36:00-04:00,347.54998779296875,347.6050109863281,346.9800109863281,346.9800109863281,3591,0.0,0.0,ADI,1m
2026-04-15 09:37:00-04:00,346.9800109863281,347.1300048828125,346.6387939453125,347.1300048828125,2422,0.0,0.0,ADI,1m
2026-04-15 09:38:00-04:00,346.9599914550781,347.2099914550781,346.32501220703125,346.32501220703125,4479,0.0,0.0,ADI,1m
2026-04-15 09:39:00-04:00,346.32000732421875,346.7699890136719,346.2699890136719,346.67999267578125,11127,0.0,0.0,ADI,1m
2026-04-15 09:40:00-04:00,346.69000244140625,346.69000244140625,346.25,346.25,20223,0.0,0.0,ADI,1m
2026-04-15 09:41:00-04:00,345.7099914550781,346.489990234375,345.7099914550781,346.489990234375,3559,0.0,0.0,ADI,1m
2026-04-15 09:42:00-04:00,346.1400146484375,346.2099914550781,344.8500061035156,345.2099914550781,12953,0.0,0.0,ADI,1m
2026-04-15 09:43:00-04:00,345.45001220703125,345.510009765625,345.30499267578125,345.510009765625,4064,0.0,0.0,ADI,1m
2026-04-15 09:44:00-04:00,345.31500244140625,345.31500244140625,344.92498779296875,344.92498779296875,5529,0.0,0.0,ADI,1m
2026-04-15 09:45:00-04:00,344.7850036621094,344.8299865722656,344.5,344.7449951171875,13695,0.0,0.0,ADI,1m
2026-04-15 09:46:00-04:00,344.7449951171875,345.2300109863281,344.5885009765625,345.2300109863281,4490,0.0,0.0,ADI,1m
2026-04-15 09:47:00-04:00,345.4599914550781,345.7200012207031,345.4599914550781,345.689697265625,1818,0.0,0.0,ADI,1m
2026-04-15 09:48:00-04:00,345.875,345.8900146484375,345.010009765625,345.010009765625,18864,0.0,0.0,ADI,1m
2026-04-15 09:49:00-04:00,345.29998779296875,345.43499755859375,344.6050109863281,344.614990234375,5114,0.0,0.0,ADI,1m
2026-04-15 09:50:00-04:00,344.42999267578125,344.42999267578125,343.1099853515625,343.1099853515625,13256,0.0,0.0,ADI,1m
2026-04-15 09:51:00-04:00,342.7550048828125,343.2099914550781,342.57000732421875,342.614990234375,11545,0.0,0.0,ADI,1m
2026-04-15 09:52:00-04:00,342.29998779296875,343.760009765625,342.2200012207031,343.760009765625,25010,0.0,0.0,ADI,1m
2026-04-15 09:53:00-04:00,343.9549865722656,343.9549865722656,343.4700012207031,343.7850036621094,4148,0.0,0.0,ADI,1m
2026-04-15 09:54:00-04:00,343.7250061035156,343.9800109863281,343.4800109863281,343.8800048828125,3365,0.0,0.0,ADI,1m
2026-04-15 09:55:00-04:00,343.9949951171875,344.1600036621094,343.9949951171875,344.1600036621094,1563,0.0,0.0,ADI,1m
2026-04-15 09:56:00-04:00,344.1600036621094,344.1600036621094,344.0299987792969,344.04998779296875,2841,0.0,0.0,ADI,1m
2026-04-15 09:57:00-04:00,344.25,344.25,343.8500061035156,343.8500061035156,6764,0.0,0.0,ADI,1m
2026-04-15 09:58:00-04:00,343.7200012207031,343.95001220703125,343.7200012207031,343.95001220703125,1089,0.0,0.0,ADI,1m
2026-04-15 09:59:00-04:00,344.1700134277344,344.25,344.0249938964844,344.0950012207031,3421,0.0,0.0,ADI,1m
2026-04-15 10:00:00-04:00,344.0950012207031,344.3500061035156,343.3900146484375,343.3900146484375,9677,0.0,0.0,ADI,1m
2026-04-15 10:01:00-04:00,343.32501220703125,343.5450134277344,342.67999267578125,342.79998779296875,8110,0.0,0.0,ADI,1m
2026-04-15 10:02:00-04:00,342.69000244140625,343.25,342.6499938964844,343.25,5177,0.0,0.0,ADI,1m
2026-04-15 10:03:00-04:00,343.30499267578125,344.1499938964844,343.30499267578125,344.1499938964844,5029,0.0,0.0,ADI,1m
2026-04-15 10:04:00-04:00,344.19000244140625,344.55999755859375,344.19000244140625,344.5350036621094,4726,0.0,0.0,ADI,1m
2026-04-15 10:05:00-04:00,344.42498779296875,344.42498779296875,344.0299987792969,344.3900146484375,4559,0.0,0.0,ADI,1m
2026-04-15 10:06:00-04:00,344.375,344.375,344.375,344.375,338,0.0,0.0,ADI,1m
2026-04-15 10:07:00-04:00,344.375,344.5899963378906,344.1700134277344,344.29998779296875,10013,0.0,0.0,ADI,1m
2026-04-15 10:08:00-04:00,344.29998779296875,344.4100036621094,343.760009765625,343.8800048828125,15659,0.0,0.0,ADI,1m
2026-04-15 10:09:00-04:00,343.7300109863281,344.0,343.6700134277344,343.6700134277344,6162,0.0,0.0,ADI,1m
2026-04-15 10:10:00-04:00,343.7149963378906,343.8399963378906,343.55999755859375,343.55999755859375,3022,0.0,0.0,ADI,1m
2026-04-15 10:11:00-04:00,343.4700012207031,343.739990234375,343.385009765625,343.385009765625,4107,0.0,0.0,ADI,1m
2026-04-15 10:12:00-04:00,343.4100036621094,343.55999755859375,343.31500244140625,343.31500244140625,4542,0.0,0.0,ADI,1m
2026-04-15 10:13:00-04:00,343.31500244140625,343.7799987792969,343.31500244140625,343.57501220703125,8806,0.0,0.0,ADI,1m
2026-04-15 10:14:00-04:00,343.6549987792969,343.9800109863281,343.6549987792969,343.8599853515625,4142,0.0,0.0,ADI,1m
2026-04-15 10:15:00-04:00,343.875,344.010009765625,343.67999267578125,343.7099914550781,6244,0.0,0.0,ADI,1m
2026-04-15 10:16:00-04:00,343.54010009765625,343.7799987792969,343.5,343.7799987792969,4879,0.0,0.0,ADI,1m
2026-04-15 10:17:00-04:00,343.7900085449219,343.7900085449219,343.3699951171875,343.3699951171875,11099,0.0,0.0,ADI,1m
2026-04-15 10:18:00-04:00,343.2900085449219,343.30999755859375,343.05499267578125,343.05499267578125,3262,0.0,0.0,ADI,1m
2026-04-15 10:19:00-04:00,343.1400146484375,343.3399963378906,343.0899963378906,343.114990234375,4846,0.0,0.0,ADI,1m
2026-04-15 10:20:00-04:00,343.30999755859375,343.8299865722656,343.2074890136719,343.8299865722656,21963,0.0,0.0,ADI,1m
2026-04-15 10:21:00-04:00,343.7124938964844,344.010009765625,343.7124938964844,343.8949890136719,3484,0.0,0.0,ADI,1m
2026-04-15 10:22:00-04:00,344.0,344.1449890136719,343.8699951171875,344.1050109863281,13529,0.0,0.0,ADI,1m
2026-04-15 10:23:00-04:00,344.1099853515625,344.1099853515625,343.7550048828125,343.9599914550781,11937,0.0,0.0,ADI,1m
2026-04-15 10:24:00-04:00,344.0,344.1700134277344,343.92999267578125,344.0921936035156,27767,0.0,0.0,ADI,1m
2026-04-15 10:25:00-04:00,344.05499267578125,344.1000061035156,343.9800109863281,344.0849914550781,7310,0.0,0.0,ADI,1m
2026-04-15 10:26:00-04:00,344.0899963378906,344.260009765625,343.69000244140625,343.69000244140625,20947,0.0,0.0,ADI,1m
2026-04-15 10:27:00-04:00,343.70001220703125,343.80999755859375,343.6300048828125,343.7900085449219,3962,0.0,0.0,ADI,1m
2026-04-15 10:28:00-04:00,343.7900085449219,344.4599914550781,343.7900085449219,344.3299865722656,21793,0.0,0.0,ADI,1m
2026-04-15 10:29:00-04:00,344.67999267578125,345.07000732421875,344.67999267578125,345.0199890136719,5651,0.0,0.0,ADI,1m
2026-04-15 10:30:00-04:00,344.92999267578125,344.92999267578125,344.7200012207031,344.7200012207031,3791,0.0,0.0,ADI,1m
2026-04-15 10:31:00-04:00,344.7799987792969,344.92999267578125,344.7799987792969,344.8599853515625,2403,0.0,0.0,ADI,1m
2026-04-15 10:32:00-04:00,344.9200134277344,345.0,344.9200134277344,345.0,2876,0.0,0.0,ADI,1m
2026-04-15 10:33:00-04:00,344.9800109863281,344.9800109863281,344.82000732421875,344.8699951171875,2089,0.0,0.0,ADI,1m
2026-04-15 10:34:00-04:00,344.75,344.75,344.4150085449219,344.5975036621094,4757,0.0,0.0,ADI,1m
2026-04-15 10:35:00-04:00,344.6050109863281,344.8500061035156,344.6050109863281,344.8500061035156,2528,0.0,0.0,ADI,1m
2026-04-15 10:36:00-04:00,344.8500061035156,344.93499755859375,344.8399963378906,344.8999938964844,2586,0.0,0.0,ADI,1m
2026-04-15 10:37:00-04:00,344.8500061035156,344.8500061035156,344.79998779296875,344.79998779296875,2019,0.0,0.0,ADI,1m
2026-04-15 10:38:00-04:00,344.82501220703125,344.8349914550781,344.69000244140625,344.69000244140625,3865,0.0,0.0,ADI,1m
2026-04-15 10:39:00-04:00,344.67999267578125,345.0050048828125,344.5249938964844,345.0,8225,0.0,0.0,ADI,1m
2026-04-15 10:40:00-04:00,345.2799987792969,345.5,345.2799987792969,345.5,2776,0.0,0.0,ADI,1m
2026-04-15 10:41:00-04:00,345.5199890136719,345.5199890136719,345.5199890136719,345.5199890136719,340,0.0,0.0,ADI,1m
2026-04-15 10:42:00-04:00,345.5899963378906,346.04998779296875,345.4200134277344,345.9150085449219,18505,0.0,0.0,ADI,1m
2026-04-15 10:43:00-04:00,346.0400085449219,346.1300048828125,345.9200134277344,346.04998779296875,3916,0.0,0.0,ADI,1m
2026-04-15 10:44:00-04:00,346.25,346.2998962402344,346.17999267578125,346.17999267578125,1548,0.0,0.0,ADI,1m
2026-04-15 10:45:00-04:00,346.05999755859375,346.18499755859375,346.05999755859375,346.18499755859375,3422,0.0,0.0,ADI,1m
2026-04-15 10:46:00-04:00,346.4599914550781,346.6650085449219,346.4599914550781,346.6650085449219,1785,0.0,0.0,ADI,1m
2026-04-15 10:47:00-04:00,346.57000732421875,346.57501220703125,346.44000244140625,346.5299987792969,7078,0.0,0.0,ADI,1m
2026-04-15 10:48:00-04:00,346.5,346.5,346.5,346.5,1176,0.0,0.0,ADI,1m
2026-04-15 10:49:00-04:00,346.4800109863281,346.4800109863281,346.3299865722656,346.3299865722656,2462,0.0,0.0,ADI,1m
2026-04-15 10:50:00-04:00,346.5400085449219,346.5400085449219,346.2799987792969,346.3299865722656,1439,0.0,0.0,ADI,1m
2026-04-15 10:51:00-04:00,346.1575012207031,346.2749938964844,346.1099853515625,346.2049865722656,2177,0.0,0.0,ADI,1m
2026-04-15 10:52:00-04:00,346.29998779296875,346.4150085449219,346.1600036621094,346.3349914550781,5447,0.0,0.0,ADI,1m
2026-04-15 10:53:00-04:00,346.1300048828125,346.2349853515625,346.010009765625,346.0249938964844,5150,0.0,0.0,ADI,1m
2026-04-15 10:54:00-04:00,345.95001220703125,345.95001220703125,345.95001220703125,345.95001220703125,501,0.0,0.0,ADI,1m
2026-04-15 10:55:00-04:00,345.760009765625,345.760009765625,345.3599853515625,345.5950012207031,3813,0.0,0.0,ADI,1m
2026-04-15 10:57:00-04:00,345.5799865722656,345.5899963378906,345.2799987792969,345.2799987792969,4037,0.0,0.0,ADI,1m
2026-04-15 10:58:00-04:00,345.2349853515625,345.2650146484375,345.2300109863281,345.2300109863281,1116,0.0,0.0,ADI,1m
2026-04-15 10:59:00-04:00,345.2250061035156,345.2250061035156,345.2250061035156,345.2250061035156,1648,0.0,0.0,ADI,1m
2026-04-15 11:00:00-04:00,345.0400085449219,345.17999267578125,344.5199890136719,344.5799865722656,8659,0.0,0.0,ADI,1m
2026-04-15 11:01:00-04:00,344.67999267578125,344.8599853515625,344.6300048828125,344.8599853515625,4919,0.0,0.0,ADI,1m
2026-04-15 11:02:00-04:00,345.1050109863281,345.2799987792969,344.9800109863281,345.260009765625,2673,0.0,0.0,ADI,1m
2026-04-15 11:03:00-04:00,345.2099914550781,345.3599853515625,345.1099853515625,345.18499755859375,4831,0.0,0.0,ADI,1m
2026-04-15 11:04:00-04:00,345.19000244140625,345.5,345.04998779296875,345.3999938964844,4493,0.0,0.0,ADI,1m
2026-04-15 11:05:00-04:00,345.5,345.5,345.364990234375,345.364990234375,1620,0.0,0.0,ADI,1m
2026-04-15 11:06:00-04:00,345.3699951171875,345.3699951171875,345.17498779296875,345.17498779296875,1811,0.0,0.0,ADI,1m
2026-04-15 11:07:00-04:00,345.1524963378906,345.2850036621094,344.739990234375,344.739990234375,7264,0.0,0.0,ADI,1m
2026-04-15 11:08:00-04:00,344.5299987792969,344.9800109863281,344.5299987792969,344.9800109863281,3117,0.0,0.0,ADI,1m
2026-04-15 11:09:00-04:00,344.93499755859375,345.1400146484375,344.93499755859375,345.1400146484375,954,0.0,0.0,ADI,1m
2026-04-15 11:10:00-04:00,345.19000244140625,345.2699890136719,344.989990234375,345.2699890136719,3353,0.0,0.0,ADI,1m
2026-04-15 11:11:00-04:00,345.1400146484375,345.239990234375,345.0299987792969,345.0299987792969,2354,0.0,0.0,ADI,1m
2026-04-15 11:12:00-04:00,345.1400146484375,345.3699951171875,345.1099853515625,345.1449890136719,5147,0.0,0.0,ADI,1m
2026-04-15 11:14:00-04:00,345.1199951171875,345.1199951171875,345.1199951171875,345.1199951171875,1041,0.0,0.0,ADI,1m
2026-04-15 11:15:00-04:00,345.010009765625,345.010009765625,344.80999755859375,344.8800048828125,6641,0.0,0.0,ADI,1m
2026-04-15 11:16:00-04:00,344.79998779296875,344.79998779296875,344.79998779296875,344.79998779296875,771,0.0,0.0,ADI,1m
2026-04-15 11:17:00-04:00,344.7099914550781,344.95001220703125,344.6600036621094,344.80999755859375,2359,0.0,0.0,ADI,1m
2026-04-15 11:18:00-04:00,344.95001220703125,345.05999755859375,344.9200134277344,345.05999755859375,1955,0.0,0.0,ADI,1m
2026-04-15 11:19:00-04:00,345.05999755859375,345.2099914550781,344.8599853515625,345.010009765625,2316,0.0,0.0,ADI,1m
2026-04-15 11:20:00-04:00,345.0199890136719,345.06500244140625,344.8800048828125,344.9599914550781,4102,0.0,0.0,ADI,1m
2026-04-15 11:21:00-04:00,344.8800048828125,345.0799865722656,344.8800048828125,345.0799865722656,3157,0.0,0.0,ADI,1m
2026-04-15 11:22:00-04:00,345.1099853515625,345.1499938964844,345.010009765625,345.010009765625,2710,0.0,0.0,ADI,1m
2026-04-15 11:23:00-04:00,345.0899963378906,345.17999267578125,344.989990234375,345.06500244140625,5405,0.0,0.0,ADI,1m
2026-04-15 11:24:00-04:00,345.07000732421875,345.1199951171875,345.0350036621094,345.1099853515625,3894,0.0,0.0,ADI,1m
2026-04-15 11:25:00-04:00,345.1700134277344,345.3900146484375,345.114990234375,345.2200012207031,8196,0.0,0.0,ADI,1m
2026-04-15 11:26:00-04:00,345.2550048828125,345.3399963378906,345.1499938964844,345.1499938964844,5602,0.0,0.0,ADI,1m
2026-04-15 11:27:00-04:00,344.82501220703125,344.8999938964844,344.82501220703125,344.8999938964844,1480,0.0,0.0,ADI,1m
2026-04-15 11:28:00-04:00,344.82501220703125,344.9800109863281,344.82501220703125,344.8599853515625,3202,0.0,0.0,ADI,1m
2026-04-15 11:29:00-04:00,344.8599853515625,345.0199890136719,344.8599853515625,344.9700012207031,2447,0.0,0.0,ADI,1m
2026-04-15 11:30:00-04:00,345.0199890136719,345.1199951171875,344.8599853515625,344.93499755859375,7132,0.0,0.0,ADI,1m
2026-04-15 11:31:00-04:00,344.93499755859375,345.0,344.93499755859375,344.94500732421875,2753,0.0,0.0,ADI,1m
2026-04-15 11:32:00-04:00,344.94000244140625,344.94000244140625,344.6824951171875,344.70001220703125,6333,0.0,0.0,ADI,1m
2026-04-15 11:33:00-04:00,344.6700134277344,344.67498779296875,344.6549987792969,344.6600036621094,1421,0.0,0.0,ADI,1m
2026-04-15 11:34:00-04:00,344.68499755859375,344.7080078125,344.68499755859375,344.68499755859375,2244,0.0,0.0,ADI,1m
2026-04-15 11:35:00-04:00,344.6300048828125,344.72119140625,344.5299987792969,344.72119140625,2911,0.0,0.0,ADI,1m
2026-04-15 11:36:00-04:00,344.54998779296875,344.6400146484375,344.54998779296875,344.6000061035156,3289,0.0,0.0,ADI,1m
2026-04-15 11:37:00-04:00,344.6499938964844,344.6499938964844,344.6499938964844,344.6499938964844,1293,0.0,0.0,ADI,1m
2026-04-15 11:38:00-04:00,344.625,344.8299865722656,344.625,344.625,2840,0.0,0.0,ADI,1m
2026-04-15 11:39:00-04:00,344.625,344.6300048828125,344.4100036621094,344.614990234375,6445,0.0,0.0,ADI,1m
2026-04-15 11:40:00-04:00,344.614990234375,344.614990234375,344.3999938964844,344.4700012207031,5917,0.0,0.0,ADI,1m
2026-04-15 11:41:00-04:00,344.6000061035156,344.8299865722656,344.5799865722656,344.8299865722656,2783,0.0,0.0,ADI,1m
2026-04-15 11:42:00-04:00,344.8299865722656,344.8299865722656,344.8299865722656,344.8299865722656,516,0.0,0.0,ADI,1m
2026-04-15 11:43:00-04:00,344.8800048828125,345.1499938964844,344.8800048828125,345.0450134277344,7158,0.0,0.0,ADI,1m
2026-04-15 11:44:00-04:00,344.8900146484375,345.0799865722656,344.8900146484375,345.0799865722656,1473,0.0,0.0,ADI,1m
2026-04-15 11:45:00-04:00,345.1099853515625,345.3399963378906,345.1050109863281,345.3399963378906,3535,0.0,0.0,ADI,1m
2026-04-15 11:46:00-04:00,345.1400146484375,345.2699890136719,345.1400146484375,345.1600036621094,4422,0.0,0.0,ADI,1m
2026-04-15 11:47:00-04:00,345.1099853515625,345.1099853515625,344.95001220703125,344.95001220703125,1477,0.0,0.0,ADI,1m
2026-04-15 11:48:00-04:00,344.94500732421875,344.94500732421875,344.7300109863281,344.7300109863281,1722,0.0,0.0,ADI,1m
2026-04-15 11:49:00-04:00,344.84991455078125,344.84991455078125,344.5950012207031,344.5950012207031,3108,0.0,0.0,ADI,1m
2026-04-15 11:50:00-04:00,344.5899963378906,344.75,344.5899963378906,344.61248779296875,3984,0.0,0.0,ADI,1m
2026-04-15 11:53:00-04:00,344.7449951171875,344.7449951171875,344.7449951171875,344.7449951171875,720,0.0,0.0,ADI,1m
2026-04-15 11:54:00-04:00,344.6300048828125,344.7149963378906,344.6000061035156,344.6300048828125,3272,0.0,0.0,ADI,1m
2026-04-15 11:55:00-04:00,344.67999267578125,344.67999267578125,344.67999267578125,344.67999267578125,1457,0.0,0.0,ADI,1m
2026-04-15 11:56:00-04:00,344.5299987792969,344.7200012207031,344.44000244140625,344.56500244140625,3785,0.0,0.0,ADI,1m
2026-04-15 11:57:00-04:00,344.4200134277344,344.4200134277344,344.4200134277344,344.4200134277344,327,0.0,0.0,ADI,1m
2026-04-15 11:58:00-04:00,344.57000732421875,344.57000732421875,344.57000732421875,344.57000732421875,554,0.0,0.0,ADI,1m
2026-04-15 11:59:00-04:00,344.7099914550781,344.8500061035156,344.54998779296875,344.54998779296875,6774,0.0,0.0,ADI,1m
2026-04-15 12:00:00-04:00,344.6300048828125,344.6300048828125,344.6300048828125,344.6300048828125,229,0.0,0.0,ADI,1m
2026-04-15 12:01:00-04:00,344.6199951171875,344.6199951171875,344.6199951171875,344.6199951171875,492,0.0,0.0,ADI,1m
2026-04-15 12:02:00-04:00,344.614990234375,344.6300048828125,344.4200134277344,344.57501220703125,1961,0.0,0.0,ADI,1m
2026-04-15 12:03:00-04:00,344.57501220703125,344.57501220703125,344.260009765625,344.260009765625,4096,0.0,0.0,ADI,1m
2026-04-15 12:04:00-04:00,344.2850036621094,344.2850036621094,344.2850036621094,344.2850036621094,813,0.0,0.0,ADI,1m
2026-04-15 12:05:00-04:00,344.2799987792969,344.2799987792969,344.2799987792969,344.2799987792969,1756,0.0,0.0,ADI,1m
2026-04-15 12:06:00-04:00,344.45001220703125,344.54998779296875,344.44000244140625,344.54998779296875,1629,0.0,0.0,ADI,1m
2026-04-15 12:07:00-04:00,344.54998779296875,344.6650085449219,344.5450134277344,344.6650085449219,2869,0.0,0.0,ADI,1m
2026-04-15 12:08:00-04:00,344.6700134277344,344.760009765625,344.6099853515625,344.6600036621094,3933,0.0,0.0,ADI,1m
2026-04-15 12:09:00-04:00,344.6449890136719,344.6449890136719,344.6449890136719,344.6449890136719,777,0.0,0.0,ADI,1m
2026-04-15 12:10:00-04:00,344.6400146484375,344.6400146484375,344.510009765625,344.510009765625,1922,0.0,0.0,ADI,1m
2026-04-15 12:11:00-04:00,344.57501220703125,344.57501220703125,344.57501220703125,344.57501220703125,1836,0.0,0.0,ADI,1m
2026-04-15 12:13:00-04:00,344.5799865722656,344.739990234375,344.5799865722656,344.6700134277344,3857,0.0,0.0,ADI,1m
2026-04-15 12:15:00-04:00,344.6449890136719,344.6449890136719,344.625,344.625,1454,0.0,0.0,ADI,1m
2026-04-15 12:16:00-04:00,344.6499938964844,344.739990234375,344.6499938964844,344.7300109863281,1620,0.0,0.0,ADI,1m
2026-04-15 12:17:00-04:00,344.67999267578125,345.0,344.67999267578125,344.92999267578125,4532,0.0,0.0,ADI,1m
2026-04-15 12:18:00-04:00,344.9200134277344,344.95001220703125,344.8599853515625,344.95001220703125,2065,0.0,0.0,ADI,1m
2026-04-15 12:19:00-04:00,344.95001220703125,344.95001220703125,344.95001220703125,344.95001220703125,464,0.0,0.0,ADI,1m
2026-04-15 12:20:00-04:00,345.010009765625,345.125,345.010009765625,345.0450134277344,2431,0.0,0.0,ADI,1m
2026-04-15 12:21:00-04:00,344.8900146484375,344.8900146484375,344.8900146484375,344.8900146484375,909,0.0,0.0,ADI,1m
2026-04-15 12:22:00-04:00,345.07501220703125,345.0799865722656,345.07501220703125,345.07501220703125,1577,0.0,0.0,ADI,1m
2026-04-15 12:23:00-04:00,345.1600036621094,345.1600036621094,345.0,345.0,1391,0.0,0.0,ADI,1m
2026-04-15 12:24:00-04:00,345.0350036621094,345.0350036621094,345.0350036621094,345.0350036621094,1142,0.0,0.0,ADI,1m
2026-04-15 12:25:00-04:00,344.92999267578125,345.0150146484375,344.6600036621094,344.6600036621094,8585,0.0,0.0,ADI,1m
2026-04-15 12:26:00-04:00,344.4100036621094,344.4100036621094,344.4100036621094,344.4100036621094,478,0.0,0.0,ADI,1m
2026-04-15 12:27:00-04:00,344.6199951171875,344.6199951171875,344.32000732421875,344.4599914550781,1456,0.0,0.0,ADI,1m
2026-04-15 12:28:00-04:00,344.4599914550781,344.4599914550781,344.2699890136719,344.2699890136719,4025,0.0,0.0,ADI,1m
2026-04-15 12:29:00-04:00,344.25,344.260009765625,344.2200012207031,344.2200012207031,1588,0.0,0.0,ADI,1m
2026-04-15 12:30:00-04:00,344.2650146484375,344.3299865722656,343.9800109863281,344.19500732421875,8649,0.0,0.0,ADI,1m
2026-04-15 12:31:00-04:00,344.2200012207031,344.3949890136719,344.2200012207031,344.3949890136719,2292,0.0,0.0,ADI,1m
2026-04-15 12:32:00-04:00,344.514892578125,344.514892578125,344.2099914550781,344.3299865722656,2842,0.0,0.0,ADI,1m
2026-04-15 12:33:00-04:00,344.2099914550781,344.5,344.0400085449219,344.4100036621094,5894,0.0,0.0,ADI,1m
2026-04-15 12:34:00-04:00,344.4100036621094,344.4599914550781,344.4100036621094,344.44000244140625,1618,0.0,0.0,ADI,1m
2026-04-15 12:35:00-04:00,344.6000061035156,344.6000061035156,344.4599914550781,344.4599914550781,2609,0.0,0.0,ADI,1m
2026-04-15 12:36:00-04:00,344.5199890136719,344.55499267578125,344.29449462890625,344.55499267578125,1617,0.0,0.0,ADI,1m
2026-04-15 12:37:00-04:00,344.6000061035156,344.6000061035156,344.45001220703125,344.45001220703125,3135,0.0,0.0,ADI,1m
2026-04-15 12:39:00-04:00,344.3900146484375,344.42999267578125,343.82501220703125,344.0849914550781,24467,0.0,0.0,ADI,1m
2026-04-15 12:40:00-04:00,343.989990234375,344.0,343.6000061035156,343.885009765625,17623,0.0,0.0,ADI,1m
2026-04-15 12:41:00-04:00,343.5899963378906,343.6300048828125,343.2149963378906,343.2149963378906,7463,0.0,0.0,ADI,1m
2026-04-15 12:42:00-04:00,343.2650146484375,343.6199951171875,343.2650146484375,343.2950134277344,6772,0.0,0.0,ADI,1m
2026-04-15 12:43:00-04:00,343.32501220703125,343.4700012207031,343.239990234375,343.29998779296875,2103,0.0,0.0,ADI,1m
2026-04-15 12:44:00-04:00,342.9700012207031,343.2799987792969,342.9599914550781,343.2650146484375,3166,0.0,0.0,ADI,1m
2026-04-15 12:45:00-04:00,343.364990234375,343.42498779296875,343.364990234375,343.42498779296875,871,0.0,0.0,ADI,1m
2026-04-15 12:46:00-04:00,343.2900085449219,343.2900085449219,342.5799865722656,342.7900085449219,9439,0.0,0.0,ADI,1m
2026-04-15 12:47:00-04:00,342.8599853515625,342.89990234375,342.2900085449219,342.43499755859375,11036,0.0,0.0,ADI,1m
2026-04-15 12:48:00-04:00,342.5350036621094,342.6300048828125,342.3349914550781,342.6300048828125,4934,0.0,0.0,ADI,1m
2026-04-15 12:49:00-04:00,342.4700012207031,342.8800048828125,342.3800048828125,342.739990234375,8095,0.0,0.0,ADI,1m
2026-04-15 12:50:00-04:00,342.9200134277344,343.0775146484375,342.8699951171875,343.0775146484375,2358,0.0,0.0,ADI,1m
2026-04-15 12:51:00-04:00,343.0849914550781,343.0849914550781,342.3450012207031,342.3599853515625,7044,0.0,0.0,ADI,1m
2026-04-15 12:52:00-04:00,342.3500061035156,342.3500061035156,341.45001220703125,341.45001220703125,9860,0.0,0.0,ADI,1m
2026-04-15 12:53:00-04:00,341.510009765625,341.8299865722656,341.510009765625,341.8299865722656,7942,0.0,0.0,ADI,1m
2026-04-15 12:54:00-04:00,342.1099853515625,342.1199951171875,341.70001220703125,341.8399963378906,2716,0.0,0.0,ADI,1m
2026-04-15 12:55:00-04:00,341.6700134277344,341.92999267578125,341.3207092285156,341.92999267578125,5536,0.0,0.0,ADI,1m
2026-04-15 12:56:00-04:00,341.739990234375,342.1499938964844,341.6700134277344,342.1499938964844,3229,0.0,0.0,ADI,1m
2026-04-15 12:57:00-04:00,342.0450134277344,342.2250061035156,342.0450134277344,342.2250061035156,2125,0.0,0.0,ADI,1m
2026-04-15 12:58:00-04:00,342.3349914550781,342.6300048828125,342.3349914550781,342.6300048828125,3518,0.0,0.0,ADI,1m
2026-04-15 12:59:00-04:00,342.7950134277344,342.8399963378906,342.7099914550781,342.7200012207031,3979,0.0,0.0,ADI,1m
2026-04-15 13:00:00-04:00,342.6000061035156,342.6000061035156,342.3800048828125,342.4100036621094,2768,0.0,0.0,ADI,1m
2026-04-15 13:01:00-04:00,342.79998779296875,342.79998779296875,342.6199951171875,342.6199951171875,636,0.0,0.0,ADI,1m
2026-04-15 13:02:00-04:00,342.6400146484375,342.6400146484375,342.45001220703125,342.489990234375,4727,0.0,0.0,ADI,1m
2026-04-15 13:03:00-04:00,343.0299987792969,343.0299987792969,343.0299987792969,343.0299987792969,692,0.0,0.0,ADI,1m
2026-04-15 13:05:00-04:00,343.25,343.3450012207031,343.114990234375,343.3450012207031,5134,0.0,0.0,ADI,1m
2026-04-15 13:06:00-04:00,343.05999755859375,343.0899963378906,343.0350036621094,343.0350036621094,2470,0.0,0.0,ADI,1m
2026-04-15 13:07:00-04:00,343.2099914550781,343.4800109863281,343.19000244140625,343.4800109863281,2305,0.0,0.0,ADI,1m
2026-04-15 13:08:00-04:00,343.4800109863281,343.4800109863281,343.4549865722656,343.4549865722656,1117,0.0,0.0,ADI,1m
2026-04-15 13:09:00-04:00,343.4849853515625,343.4849853515625,343.4849853515625,343.4849853515625,610,0.0,0.0,ADI,1m
2026-04-15 13:10:00-04:00,343.5050048828125,343.8699951171875,343.5050048828125,343.67999267578125,6762,0.0,0.0,ADI,1m
2026-04-15 13:11:00-04:00,343.67999267578125,343.8699951171875,343.67999267578125,343.7200012207031,2745,0.0,0.0,ADI,1m
2026-04-15 13:12:00-04:00,343.8900146484375,344.2349853515625,343.75,344.2349853515625,8449,0.0,0.0,ADI,1m
2026-04-15 13:13:00-04:00,344.20001220703125,344.3399963378906,343.9800109863281,344.17498779296875,3268,0.0,0.0,ADI,1m
2026-04-15 13:14:00-04:00,344.25,344.4200134277344,344.17999267578125,344.2200012207031,6302,0.0,0.0,ADI,1m
2026-04-15 13:15:00-04:00,344.239990234375,344.239990234375,344.2349853515625,344.2349853515625,1415,0.0,0.0,ADI,1m
2026-04-15 13:16:00-04:00,344.2300109863281,344.3500061035156,344.20001220703125,344.3500061035156,3218,0.0,0.0,ADI,1m
2026-04-15 13:17:00-04:00,344.3299865722656,344.44000244140625,344.30999755859375,344.43499755859375,1954,0.0,0.0,ADI,1m
2026-04-15 13:18:00-04:00,344.45001220703125,344.45001220703125,344.44000244140625,344.45001220703125,3238,0.0,0.0,ADI,1m
2026-04-15 13:20:00-04:00,344.3299865722656,344.3299865722656,344.239990234375,344.239990234375,707,0.0,0.0,ADI,1m
2026-04-15 13:21:00-04:00,344.3299865722656,344.44000244140625,344.3299865722656,344.3800048828125,2767,0.0,0.0,ADI,1m
2026-04-15 13:22:00-04:00,344.3599853515625,344.45001220703125,344.2300109863281,344.2300109863281,4686,0.0,0.0,ADI,1m
2026-04-15 13:23:00-04:00,344.2300109863281,344.2300109863281,344.2300109863281,344.2300109863281,423,0.0,0.0,ADI,1m
2026-04-15 13:24:00-04:00,344.1499938964844,344.1499938964844,344.1499938964844,344.1499938964844,419,0.0,0.0,ADI,1m
2026-04-15 13:25:00-04:00,344.34991455078125,344.34991455078125,344.07000732421875,344.135009765625,2402,0.0,0.0,ADI,1m
2026-04-15 13:26:00-04:00,344.2200012207031,344.31500244140625,344.1000061035156,344.1000061035156,2370,0.0,0.0,ADI,1m
2026-04-15 13:27:00-04:00,344.2200012207031,344.3399963378906,344.2200012207031,344.2200012207031,1816,0.0,0.0,ADI,1m
2026-04-15 13:28:00-04:00,344.19500732421875,344.2699890136719,344.19500732421875,344.239990234375,1400,0.0,0.0,ADI,1m
2026-04-15 13:29:00-04:00,344.29998779296875,344.4800109863281,344.29998779296875,344.3800048828125,7174,0.0,0.0,ADI,1m
2026-04-15 13:30:00-04:00,344.385009765625,344.7200012207031,344.385009765625,344.7200012207031,5323,0.0,0.0,ADI,1m
2026-04-15 13:31:00-04:00,344.7193908691406,344.739990234375,344.7193908691406,344.7330017089844,6070,0.0,0.0,ADI,1m
2026-04-15 13:32:00-04:00,344.75,344.8999938964844,344.75,344.8699951171875,3874,0.0,0.0,ADI,1m
2026-04-15 13:33:00-04:00,344.8900146484375,345.0799865722656,344.8900146484375,345.0799865722656,2132,0.0,0.0,ADI,1m
2026-04-15 13:34:00-04:00,345.1000061035156,345.260009765625,345.0849914550781,345.1600036621094,4553,0.0,0.0,ADI,1m
2026-04-15 13:35:00-04:00,345.07000732421875,345.2300109863281,345.07000732421875,345.2300109863281,1148,0.0,0.0,ADI,1m
2026-04-15 13:36:00-04:00,345.2200012207031,345.2300109863281,345.1300048828125,345.20001220703125,3954,0.0,0.0,ADI,1m
2026-04-15 13:37:00-04:00,345.1300048828125,345.18499755859375,345.05999755859375,345.05999755859375,1969,0.0,0.0,ADI,1m
2026-04-15 13:38:00-04:00,345.07501220703125,345.1499938964844,345.07501220703125,345.125,2242,0.0,0.0,ADI,1m
2026-04-15 13:39:00-04:00,345.1400146484375,345.1400146484375,345.0,345.010009765625,2288,0.0,0.0,ADI,1m
2026-04-15 13:40:00-04:00,345.05499267578125,345.17999267578125,345.05499267578125,345.17999267578125,3372,0.0,0.0,ADI,1m
2026-04-15 13:41:00-04:00,345.1050109863281,345.1700134277344,345.0299987792969,345.0400085449219,2376,0.0,0.0,ADI,1m
2026-04-15 13:42:00-04:00,344.95001220703125,344.9750061035156,344.7550048828125,344.7550048828125,3593,0.0,0.0,ADI,1m
2026-04-15 13:43:00-04:00,344.7300109863281,344.7300109863281,344.7300109863281,344.7300109863281,697,0.0,0.0,ADI,1m
2026-04-15 13:44:00-04:00,344.7449951171875,344.7449951171875,344.7449951171875,344.7449951171875,3985,0.0,0.0,ADI,1m
2026-04-15 13:45:00-04:00,344.7449951171875,344.8399963378906,344.7449951171875,344.8399963378906,846,0.0,0.0,ADI,1m
2026-04-15 13:46:00-04:00,344.7449951171875,344.95001220703125,344.739990234375,344.95001220703125,2407,0.0,0.0,ADI,1m
2026-04-15 13:47:00-04:00,344.80999755859375,344.80999755859375,344.7650146484375,344.7650146484375,769,0.0,0.0,ADI,1m
2026-04-15 13:48:00-04:00,344.8500061035156,344.8500061035156,344.8450012207031,344.8500061035156,1217,0.0,0.0,ADI,1m
2026-04-15 13:49:00-04:00,344.864990234375,344.8699951171875,344.864990234375,344.8699951171875,1235,0.0,0.0,ADI,1m
2026-04-15 13:50:00-04:00,344.875,344.875,344.875,344.875,568,0.0,0.0,ADI,1m
2026-04-15 13:51:00-04:00,345.04998779296875,345.20001220703125,345.04998779296875,345.1199951171875,5630,0.0,0.0,ADI,1m
2026-04-15 13:52:00-04:00,345.010009765625,345.010009765625,345.010009765625,345.010009765625,900,0.0,0.0,ADI,1m
2026-04-15 13:53:00-04:00,345.1700134277344,345.20001220703125,345.1099853515625,345.20001220703125,1688,0.0,0.0,ADI,1m
2026-04-15 13:54:00-04:00,345.20001220703125,345.42999267578125,345.19000244140625,345.42999267578125,3554,0.0,0.0,ADI,1m
2026-04-15 13:55:00-04:00,345.3251037597656,345.42999267578125,345.3251037597656,345.42999267578125,1050,0.0,0.0,ADI,1m
2026-04-15 13:56:00-04:00,345.3299865722656,345.3299865722656,345.2550048828125,345.2550048828125,3152,0.0,0.0,ADI,1m
2026-04-15 13:57:00-04:00,345.2550048828125,345.3096008300781,345.2550048828125,345.2699890136719,5010,0.0,0.0,ADI,1m
2026-04-15 13:59:00-04:00,345.2250061035156,345.2250061035156,345.2250061035156,345.2250061035156,298,0.0,0.0,ADI,1m
2026-04-15 14:00:00-04:00,345.1099853515625,345.1099853515625,345.1099853515625,345.1099853515625,2105,0.0,0.0,ADI,1m
2026-04-15 14:01:00-04:00,345.0,345.2449951171875,344.94000244140625,345.0,6846,0.0,0.0,ADI,1m
2026-04-15 14:02:00-04:00,345.2250061035156,345.6700134277344,345.2250061035156,345.3550109863281,7069,0.0,0.0,ADI,1m
2026-04-15 14:03:00-04:00,345.3299865722656,345.3299865722656,345.3299865722656,345.3299865722656,2574,0.0,0.0,ADI,1m
2026-04-15 14:06:00-04:00,345.4049987792969,345.54998779296875,345.4049987792969,345.4049987792969,3345,0.0,0.0,ADI,1m
2026-04-15 14:07:00-04:00,345.3999938964844,345.3999938964844,345.2699890136719,345.2699890136719,1329,0.0,0.0,ADI,1m
2026-04-15 14:08:00-04:00,345.25,345.5400085449219,345.25,345.3900146484375,3642,0.0,0.0,ADI,1m
2026-04-15 14:09:00-04:00,345.29998779296875,345.4599914550781,345.29998779296875,345.45001220703125,3170,0.0,0.0,ADI,1m
2026-04-15 14:10:00-04:00,345.4150085449219,345.4150085449219,345.29998779296875,345.3500061035156,1382,0.0,0.0,ADI,1m
2026-04-15 14:11:00-04:00,345.24591064453125,345.42999267578125,345.24591064453125,345.42999267578125,1555,0.0,0.0,ADI,1m
2026-04-15 14:12:00-04:00,345.3500061035156,345.4800109863281,345.3500061035156,345.4800109863281,2250,0.0,0.0,ADI,1m
2026-04-15 14:13:00-04:00,345.5199890136719,345.6499938964844,345.5,345.6499938964844,4305,0.0,0.0,ADI,1m
2026-04-15 14:14:00-04:00,345.7200012207031,345.7200012207031,345.6400146484375,345.67999267578125,2883,0.0,0.0,ADI,1m
2026-04-15 14:15:00-04:00,345.5,345.5849914550781,345.4949951171875,345.4949951171875,1250,0.0,0.0,ADI,1m
2026-04-15 14:16:00-04:00,345.6499938964844,345.7950134277344,345.6499938964844,345.70001220703125,2975,0.0,0.0,ADI,1m
2026-04-15 14:17:00-04:00,345.5899963378906,345.5899963378906,345.5,345.5,2438,0.0,0.0,ADI,1m
2026-04-15 14:19:00-04:00,345.3800048828125,345.44500732421875,345.3800048828125,345.44000244140625,1695,0.0,0.0,ADI,1m
2026-04-15 14:20:00-04:00,345.5325012207031,345.5400085449219,345.3800048828125,345.3900146484375,4843,0.0,0.0,ADI,1m
2026-04-15 14:21:00-04:00,345.3900146484375,345.6449890136719,345.3500061035156,345.6449890136719,3867,0.0,0.0,ADI,1m
2026-04-15 14:22:00-04:00,345.6449890136719,345.6449890136719,345.6449890136719,345.6449890136719,781,0.0,0.0,ADI,1m
2026-04-15 14:23:00-04:00,345.7799987792969,345.8399963378906,345.7699890136719,345.8399963378906,3064,0.0,0.0,ADI,1m
2026-04-15 14:24:00-04:00,345.92999267578125,345.9949951171875,345.92999267578125,345.9949951171875,808,0.0,0.0,ADI,1m
2026-04-15 14:25:00-04:00,345.93499755859375,345.93499755859375,345.7200012207031,345.760009765625,3563,0.0,0.0,ADI,1m
2026-04-15 14:26:00-04:00,345.7650146484375,345.7650146484375,345.7650146484375,345.7650146484375,912,0.0,0.0,ADI,1m
2026-04-15 14:27:00-04:00,345.7850036621094,345.8399963378906,345.7850036621094,345.8399963378906,1375,0.0,0.0,ADI,1m
2026-04-15 14:28:00-04:00,345.81500244140625,345.81500244140625,345.7300109863281,345.7650146484375,2301,0.0,0.0,ADI,1m
2026-04-15 14:29:00-04:00,345.7650146484375,345.7651062011719,345.6499938964844,345.7651062011719,3409,0.0,0.0,ADI,1m
2026-04-15 14:31:00-04:00,345.7799987792969,345.9549865722656,345.7699890136719,345.9549865722656,5578,0.0,0.0,ADI,1m
2026-04-15 14:32:00-04:00,345.885009765625,345.8999938964844,345.885009765625,345.8999938964844,723,0.0,0.0,ADI,1m
2026-04-15 14:33:00-04:00,345.8299865722656,345.8299865722656,345.7799987792969,345.7799987792969,3710,0.0,0.0,ADI,1m
2026-04-15 14:34:00-04:00,345.9200134277344,345.9200134277344,345.79998779296875,345.80999755859375,1342,0.0,0.0,ADI,1m
2026-04-15 14:35:00-04:00,345.8800048828125,345.8800048828125,345.8550109863281,345.8550109863281,835,0.0,0.0,ADI,1m
2026-04-15 14:36:00-04:00,346.0,346.1000061035156,346.0,346.1000061035156,3621,0.0,0.0,ADI,1m
2026-04-15 14:37:00-04:00,346.1549987792969,346.1549987792969,346.0799865722656,346.1099853515625,1042,0.0,0.0,ADI,1m
2026-04-15 14:38:00-04:00,346.1000061035156,346.1099853515625,345.93499755859375,345.93499755859375,3834,0.0,0.0,ADI,1m
2026-04-15 14:40:00-04:00,345.8699951171875,345.8699951171875,345.8599853515625,345.8599853515625,3167,0.0,0.0,ADI,1m
2026-04-15 14:42:00-04:00,345.7200012207031,345.7300109863281,345.70001220703125,345.70001220703125,1467,0.0,0.0,ADI,1m
2026-04-15 14:43:00-04:00,345.68499755859375,345.70001220703125,345.68499755859375,345.70001220703125,1201,0.0,0.0,ADI,1m
2026-04-15 14:44:00-04:00,345.6300048828125,345.635009765625,345.6199951171875,345.635009765625,2065,0.0,0.0,ADI,1m
2026-04-15 14:45:00-04:00,345.54998779296875,345.54998779296875,345.5199890136719,345.5299987792969,832,0.0,0.0,ADI,1m
2026-04-15 14:46:00-04:00,345.6650085449219,345.75,345.55999755859375,345.69000244140625,1462,0.0,0.0,ADI,1m
2026-04-15 14:47:00-04:00,345.7049865722656,345.8550109863281,345.7049865722656,345.8550109863281,1513,0.0,0.0,ADI,1m
2026-04-15 14:48:00-04:00,345.80999755859375,345.8450012207031,345.75,345.8450012207031,1813,0.0,0.0,ADI,1m
2026-04-15 14:49:00-04:00,345.864990234375,345.864990234375,345.7749938964844,345.7749938964844,3578,0.0,0.0,ADI,1m
2026-04-15 14:50:00-04:00,345.7749938964844,345.8299865722656,345.6199951171875,345.6199951171875,5715,0.0,0.0,ADI,1m
2026-04-15 14:51:00-04:00,345.7049865722656,345.7049865722656,345.7049865722656,345.7049865722656,1565,0.0,0.0,ADI,1m
2026-04-15 14:52:00-04:00,345.7049865722656,345.7200012207031,345.7049865722656,345.7049865722656,2632,0.0,0.0,ADI,1m
2026-04-15 14:53:00-04:00,345.7900085449219,345.7900085449219,345.739990234375,345.7699890136719,1456,0.0,0.0,ADI,1m
2026-04-15 14:54:00-04:00,345.7650146484375,345.7699890136719,345.7099914550781,345.7699890136719,1235,0.0,0.0,ADI,1m
2026-04-15 14:55:00-04:00,345.7650146484375,345.7650146484375,345.7650146484375,345.7650146484375,1050,0.0,0.0,ADI,1m
2026-04-15 14:56:00-04:00,345.760009765625,345.8599853515625,345.760009765625,345.8599853515625,1626,0.0,0.0,ADI,1m
2026-04-15 14:57:00-04:00,345.9049987792969,345.9049987792969,345.67999267578125,345.67999267578125,3016,0.0,0.0,ADI,1m
2026-04-15 14:58:00-04:00,345.760009765625,345.8500061035156,345.760009765625,345.8500061035156,1788,0.0,0.0,ADI,1m
2026-04-15 14:59:00-04:00,345.79998779296875,345.79998779296875,345.4800109863281,345.5,4373,0.0,0.0,ADI,1m
2026-04-15 15:00:00-04:00,345.5050048828125,345.5350036621094,345.3800048828125,345.4150085449219,3490,0.0,0.0,ADI,1m
2026-04-15 15:01:00-04:00,345.5050048828125,345.510009765625,345.4100036621094,345.4100036621094,2292,0.0,0.0,ADI,1m
2026-04-15 15:02:00-04:00,345.4200134277344,345.6300048828125,345.3299865722656,345.6300048828125,6625,0.0,0.0,ADI,1m
2026-04-15 15:03:00-04:00,345.69000244140625,345.7099914550781,345.69000244140625,345.7099914550781,1439,0.0,0.0,ADI,1m
2026-04-15 15:04:00-04:00,345.6700134277344,345.6700134277344,345.5400085449219,345.6549987792969,7499,0.0,0.0,ADI,1m
2026-04-15 15:05:00-04:00,345.54998779296875,345.760009765625,345.4501037597656,345.4501037597656,10631,0.0,0.0,ADI,1m
2026-04-15 15:06:00-04:00,345.5899963378906,345.6549987792969,345.510009765625,345.6549987792969,3490,0.0,0.0,ADI,1m
2026-04-15 15:07:00-04:00,345.5400085449219,345.6400146484375,345.5400085449219,345.5400085449219,1099,0.0,0.0,ADI,1m
2026-04-15 15:08:00-04:00,345.55999755859375,345.760009765625,345.55999755859375,345.6000061035156,5452,0.0,0.0,ADI,1m
2026-04-15 15:09:00-04:00,345.69000244140625,345.75,345.3999938964844,345.3999938964844,7436,0.0,0.0,ADI,1m
2026-04-15 15:10:00-04:00,345.4150085449219,345.6000061035156,345.4150085449219,345.5199890136719,6470,0.0,0.0,ADI,1m
2026-04-15 15:11:00-04:00,345.5249938964844,345.55499267578125,345.3999938964844,345.4574890136719,4195,0.0,0.0,ADI,1m
2026-04-15 15:12:00-04:00,345.489990234375,345.6400146484375,345.489990234375,345.5899963378906,5763,0.0,0.0,ADI,1m
2026-04-15 15:13:00-04:00,345.5799865722656,345.8500061035156,345.57501220703125,345.70001220703125,5693,0.0,0.0,ADI,1m
2026-04-15 15:14:00-04:00,345.70001220703125,346.0,345.6199951171875,346.0,6847,0.0,0.0,ADI,1m
2026-04-15 15:15:00-04:00,345.95001220703125,345.989990234375,345.95001220703125,345.95001220703125,1643,0.0,0.0,ADI,1m
2026-04-15 15:16:00-04:00,346.0,346.0899963378906,345.94000244140625,346.0899963378906,2920,0.0,0.0,ADI,1m
2026-04-15 15:17:00-04:00,346.1000061035156,346.1000061035156,346.1000061035156,346.1000061035156,1297,0.0,0.0,ADI,1m
2026-04-15 15:18:00-04:00,346.07000732421875,346.2300109863281,345.9700012207031,346.1000061035156,2601,0.0,0.0,ADI,1m
2026-04-15 15:19:00-04:00,346.05999755859375,346.1700134277344,345.8399963378906,345.8800048828125,14712,0.0,0.0,ADI,1m
2026-04-15 15:20:00-04:00,346.1600036621094,346.20001220703125,346.1400146484375,346.1600036621094,5083,0.0,0.0,ADI,1m
2026-04-15 15:21:00-04:00,346.1199951171875,346.3399963378906,346.1199951171875,346.3399963378906,14289,0.0,0.0,ADI,1m
2026-04-15 15:22:00-04:00,346.2799987792969,346.4549865722656,346.2799987792969,346.4549865722656,4147,0.0,0.0,ADI,1m
2026-04-15 15:23:00-04:00,346.5,346.5799865722656,346.4599914550781,346.57000732421875,6086,0.0,0.0,ADI,1m
2026-04-15 15:25:00-04:00,346.510009765625,346.5849914550781,346.510009765625,346.5849914550781,3369,0.0,0.0,ADI,1m
2026-04-15 15:26:00-04:00,346.5199890136719,346.5350036621094,346.3800964355469,346.5199890136719,2627,0.0,0.0,ADI,1m
2026-04-15 15:27:00-04:00,346.5199890136719,346.6549987792969,346.4599914550781,346.6400146484375,3802,0.0,0.0,ADI,1m
2026-04-15 15:28:00-04:00,346.6449890136719,346.739990234375,346.6449890136719,346.7049865722656,2422,0.0,0.0,ADI,1m
2026-04-15 15:29:00-04:00,346.7699890136719,346.92999267578125,346.7699890136719,346.92999267578125,1664,0.0,0.0,ADI,1m
2026-04-15 15:30:00-04:00,347.0299987792969,347.364990234375,346.9949951171875,347.364990234375,6460,0.0,0.0,ADI,1m
2026-04-15 15:31:00-04:00,347.2099914550781,347.25,347.1199951171875,347.1199951171875,3454,0.0,0.0,ADI,1m
2026-04-15 15:32:00-04:00,347.2099914550781,347.2799987792969,347.1650085449219,347.260009765625,2815,0.0,0.0,ADI,1m
2026-04-15 15:33:00-04:00,347.32000732421875,347.32000732421875,347.2200012207031,347.2699890136719,3357,0.0,0.0,ADI,1m
2026-04-15 15:34:00-04:00,347.4100036621094,347.5849914550781,347.3550109863281,347.4649963378906,9877,0.0,0.0,ADI,1m
2026-04-15 15:35:00-04:00,347.4649963378906,347.82000732421875,347.3900146484375,347.3900146484375,11293,0.0,0.0,ADI,1m
2026-04-15 15:36:00-04:00,347.3900146484375,347.3900146484375,347.2799987792969,347.3299865722656,2313,0.0,0.0,ADI,1m
2026-04-15 15:37:00-04:00,347.32501220703125,347.32501220703125,347.2200012207031,347.2200012207031,3227,0.0,0.0,ADI,1m
2026-04-15 15:38:00-04:00,347.239990234375,347.3149108886719,347.0899963378906,347.1449890136719,4634,0.0,0.0,ADI,1m
2026-04-15 15:39:00-04:00,347.07501220703125,347.07501220703125,346.9200134277344,346.9200134277344,4692,0.0,0.0,ADI,1m
2026-04-15 15:40:00-04:00,346.79998779296875,346.8299865722656,346.6400146484375,346.6499938964844,4116,0.0,0.0,ADI,1m
2026-04-15 15:41:00-04:00,346.6700134277344,346.7799987792969,346.55999755859375,346.6199951171875,4411,0.0,0.0,ADI,1m
2026-04-15 15:42:00-04:00,346.510009765625,346.6199951171875,346.44000244140625,346.6199951171875,3111,0.0,0.0,ADI,1m
2026-04-15 15:43:00-04:00,346.67999267578125,346.760009765625,346.6000061035156,346.760009765625,5342,0.0,0.0,ADI,1m
2026-04-15 15:44:00-04:00,346.82501220703125,346.82501220703125,346.69000244140625,346.69000244140625,3598,0.0,0.0,ADI,1m
2026-04-15 15:45:00-04:00,346.6700134277344,346.7900085449219,346.6700134277344,346.7300109863281,3223,0.0,0.0,ADI,1m
2026-04-15 15:46:00-04:00,346.7300109863281,346.93499755859375,346.7300109863281,346.82000732421875,5671,0.0,0.0,ADI,1m
2026-04-15 15:47:00-04:00,346.82000732421875,347.010009765625,346.82000732421875,347.0,3867,0.0,0.0,ADI,1m
2026-04-15 15:48:00-04:00,347.0899963378906,347.20001220703125,347.0899963378906,347.20001220703125,1311,0.0,0.0,ADI,1m
2026-04-15 15:49:00-04:00,347.1000061035156,347.1099853515625,346.9700012207031,347.1099853515625,6060,0.0,0.0,ADI,1m
2026-04-15 15:50:00-04:00,347.17999267578125,347.7300109863281,347.1600036621094,347.54998779296875,11531,0.0,0.0,ADI,1m
2026-04-15 15:51:00-04:00,347.57000732421875,347.7099914550781,347.57000732421875,347.7099914550781,5428,0.0,0.0,ADI,1m
2026-04-15 15:52:00-04:00,347.6400146484375,347.6499938964844,347.44500732421875,347.489990234375,9810,0.0,0.0,ADI,1m
2026-04-15 15:53:00-04:00,347.4599914550781,347.5,347.3699951171875,347.3699951171875,7171,0.0,0.0,ADI,1m
2026-04-15 15:54:00-04:00,347.3699951171875,347.4599914550781,347.32501220703125,347.4049987792969,10686,0.0,0.0,ADI,1m
2026-04-15 15:55:00-04:00,347.5400085449219,347.8500061035156,347.4800109863281,347.57000732421875,14148,0.0,0.0,ADI,1m
2026-04-15 15:56:00-04:00,347.6499938964844,347.7900085449219,347.4599914550781,347.6549987792969,30959,0.0,0.0,ADI,1m
2026-04-15 15:57:00-04:00,347.6000061035156,347.8299865722656,347.55999755859375,347.8299865722656,31479,0.0,0.0,ADI,1m
2026-04-15 15:58:00-04:00,347.81500244140625,348.010009765625,347.81500244140625,347.9200134277344,26811,0.0,0.0,ADI,1m
2026-04-15 15:59:00-04:00,347.8999938964844,348.0899963378906,347.8299865722656,347.94000244140625,96277,0.0,0.0,ADI,1m
2026-04-16 09:30:00-04:00,347.510009765625,348.6449890136719,347.510009765625,348.010009765625,50450,0.0,0.0,ADI,1m
2026-04-16 09:31:00-04:00,347.82000732421875,347.9750061035156,347.385009765625,347.9750061035156,5225,0.0,0.0,ADI,1m
2026-04-16 09:32:00-04:00,347.9750061035156,348.30999755859375,347.9750061035156,348.30999755859375,859,0.0,0.0,ADI,1m
2026-04-16 09:33:00-04:00,348.4750061035156,350.2699890136719,348.4750061035156,349.70001220703125,8968,0.0,0.0,ADI,1m
2026-04-16 09:34:00-04:00,349.2101135253906,349.68499755859375,349.2101135253906,349.68499755859375,2201,0.0,0.0,ADI,1m
2026-04-16 09:35:00-04:00,349.45001220703125,349.7699890136719,349.0299987792969,349.0299987792969,8673,0.0,0.0,ADI,1m
2026-04-16 09:36:00-04:00,349.0299987792969,349.3349914550781,348.6099853515625,349.3349914550781,4862,0.0,0.0,ADI,1m
2026-04-16 09:37:00-04:00,349.5150146484375,350.1700134277344,349.42498779296875,349.989990234375,1798,0.0,0.0,ADI,1m
2026-04-16 09:38:00-04:00,350.2300109863281,350.2300109863281,349.7099914550781,349.7099914550781,1930,0.0,0.0,ADI,1m
2026-04-16 09:39:00-04:00,350.489990234375,350.489990234375,350.0400085449219,350.19500732421875,3211,0.0,0.0,ADI,1m
2026-04-16 09:40:00-04:00,350.6700134277344,350.9999084472656,350.0249938964844,350.385009765625,5082,0.0,0.0,ADI,1m
2026-04-16 09:41:00-04:00,350.4800109863281,350.6099853515625,350.1099853515625,350.1300048828125,5145,0.0,0.0,ADI,1m
2026-04-16 09:42:00-04:00,350.3399963378906,350.3399963378906,350.07000732421875,350.07000732421875,1399,0.0,0.0,ADI,1m
2026-04-16 09:43:00-04:00,350.260009765625,350.260009765625,349.8699951171875,350.1700134277344,8552,0.0,0.0,ADI,1m
2026-04-16 09:44:00-04:00,350.1300048828125,350.1400146484375,349.9800109863281,349.9800109863281,3014,0.0,0.0,ADI,1m
2026-04-16 09:45:00-04:00,349.875,350.1000061035156,349.5400085449219,349.92999267578125,4224,0.0,0.0,ADI,1m
2026-04-16 09:46:00-04:00,349.7799987792969,350.0400085449219,349.54998779296875,349.54998779296875,3046,0.0,0.0,ADI,1m
2026-04-16 09:47:00-04:00,349.54998779296875,349.54998779296875,349.25,349.25,2412,0.0,0.0,ADI,1m
2026-04-16 09:48:00-04:00,349.29998779296875,349.82379150390625,349.0899963378906,349.82379150390625,2439,0.0,0.0,ADI,1m
2026-04-16 09:50:00-04:00,349.8299865722656,350.0400085449219,349.760009765625,349.9289855957031,2344,0.0,0.0,ADI,1m
2026-04-16 09:51:00-04:00,349.9200134277344,350.55999755859375,349.760009765625,350.1199951171875,7433,0.0,0.0,ADI,1m
2026-04-16 09:52:00-04:00,350.1300048828125,350.20001220703125,350.0199890136719,350.0400085449219,2563,0.0,0.0,ADI,1m
2026-04-16 09:53:00-04:00,350.05999755859375,350.1700134277344,350.05999755859375,350.05999755859375,2524,0.0,0.0,ADI,1m
2026-04-16 09:54:00-04:00,350.6000061035156,350.760009765625,350.44000244140625,350.5,5909,0.0,0.0,ADI,1m
2026-04-16 09:55:00-04:00,350.42999267578125,350.7799987792969,350.42999267578125,350.7799987792969,4253,0.0,0.0,ADI,1m
2026-04-16 09:56:00-04:00,350.7900085449219,350.80999755859375,350.7349853515625,350.80999755859375,2405,0.0,0.0,ADI,1m
2026-04-16 09:57:00-04:00,350.6300048828125,351.0,350.4849853515625,351.0,2486,0.0,0.0,ADI,1m
2026-04-16 09:58:00-04:00,351.010009765625,351.1499938964844,350.8800048828125,350.8800048828125,1778,0.0,0.0,ADI,1m
2026-04-16 09:59:00-04:00,351.3999938964844,351.4049987792969,350.67999267578125,350.67999267578125,11219,0.0,0.0,ADI,1m
2026-04-16 10:00:00-04:00,351.0950012207031,351.5150146484375,350.7449951171875,351.1600036621094,7334,0.0,0.0,ADI,1m
2026-04-16 10:01:00-04:00,351.6099853515625,351.6700134277344,351.6099853515625,351.6700134277344,2853,0.0,0.0,ADI,1m
2026-04-16 10:02:00-04:00,351.7950134277344,351.7950134277344,351.21990966796875,351.21990966796875,6971,0.0,0.0,ADI,1m
2026-04-16 10:03:00-04:00,351.6050109863281,351.744384765625,351.2699890136719,351.6400146484375,14866,0.0,0.0,ADI,1m
2026-04-16 10:04:00-04:00,351.67999267578125,352.0,351.67999267578125,351.69000244140625,1665,0.0,0.0,ADI,1m
2026-04-16 10:05:00-04:00,351.7200012207031,351.7200012207031,351.125,351.17498779296875,4270,0.0,0.0,ADI,1m
2026-04-16 10:06:00-04:00,351.42999267578125,351.42999267578125,351.0704040527344,351.17498779296875,1757,0.0,0.0,ADI,1m
2026-04-16 10:07:00-04:00,351.2699890136719,351.2749938964844,351.2699890136719,351.2749938964844,1485,0.0,0.0,ADI,1m
2026-04-16 10:08:00-04:00,351.3299865722656,351.3500061035156,351.3299865722656,351.3500061035156,3771,0.0,0.0,ADI,1m
2026-04-16 10:09:00-04:00,351.3550109863281,351.4049987792969,351.2099914550781,351.4049987792969,7382,0.0,0.0,ADI,1m
2026-04-16 10:10:00-04:00,351.1300048828125,351.635009765625,351.1300048828125,351.635009765625,1015,0.0,0.0,ADI,1m
2026-04-16 10:11:00-04:00,351.79998779296875,351.8299865722656,351.4100036621094,351.65789794921875,4179,0.0,0.0,ADI,1m
2026-04-16 10:12:00-04:00,351.45001220703125,351.8399963378906,351.45001220703125,351.7200012207031,4860,0.0,0.0,ADI,1m
2026-04-16 10:13:00-04:00,351.6199951171875,352.1600036621094,351.6199951171875,352.0950012207031,4413,0.0,0.0,ADI,1m
2026-04-16 10:14:00-04:00,352.0299987792969,352.0299987792969,351.6700134277344,351.8525085449219,3302,0.0,0.0,ADI,1m
2026-04-16 10:15:00-04:00,351.80499267578125,352.0599060058594,351.7900085449219,351.7900085449219,2279,0.0,0.0,ADI,1m
2026-04-16 10:16:00-04:00,351.75,351.7699890136719,351.6000061035156,351.6199951171875,6189,0.0,0.0,ADI,1m
2026-04-16 10:17:00-04:00,351.56500244140625,351.6899108886719,351.4825134277344,351.57501220703125,3332,0.0,0.0,ADI,1m
2026-04-16 10:18:00-04:00,351.6142883300781,352.1025085449219,351.4700012207031,351.95001220703125,18001,0.0,0.0,ADI,1m
2026-04-16 10:19:00-04:00,351.760009765625,351.8900146484375,351.5,351.5,4479,0.0,0.0,ADI,1m
2026-04-16 10:20:00-04:00,351.5350036621094,351.5350036621094,351.3800048828125,351.510009765625,3081,0.0,0.0,ADI,1m
2026-04-16 10:21:00-04:00,351.5199890136719,351.5199890136719,351.5199890136719,351.5199890136719,432,0.0,0.0,ADI,1m
2026-04-16 10:22:00-04:00,351.6199951171875,351.9700012207031,351.3999938964844,351.614990234375,3275,0.0,0.0,ADI,1m
2026-04-16 10:23:00-04:00,351.95001220703125,351.95001220703125,351.4849853515625,351.94000244140625,4684,0.0,0.0,ADI,1m
2026-04-16 10:24:00-04:00,351.7300109863281,352.1300048828125,351.70001220703125,352.1300048828125,2266,0.0,0.0,ADI,1m
2026-04-16 10:25:00-04:00,352.0799865722656,352.0799865722656,351.8299865722656,351.8299865722656,2780,0.0,0.0,ADI,1m
2026-04-16 10:26:00-04:00,351.9700012207031,352.07000732421875,351.8800048828125,351.9175109863281,1370,0.0,0.0,ADI,1m
2026-04-16 10:27:00-04:00,351.9599914550781,352.19000244140625,351.8999938964844,352.19000244140625,8224,0.0,0.0,ADI,1m
2026-04-16 10:28:00-04:00,351.89959716796875,352.625,351.89959716796875,352.625,2413,0.0,0.0,ADI,1m
2026-04-16 10:29:00-04:00,352.5400085449219,353.0,352.5199890136719,352.7650146484375,3793,0.0,0.0,ADI,1m
2026-04-16 10:30:00-04:00,352.5299987792969,352.67498779296875,352.2099914550781,352.2149963378906,11789,0.0,0.0,ADI,1m
2026-04-16 10:31:00-04:00,352.2149963378906,352.3949890136719,352.2149963378906,352.3949890136719,2499,0.0,0.0,ADI,1m
2026-04-16 10:32:00-04:00,352.19500732421875,352.2250061035156,352.0199890136719,352.114990234375,2844,0.0,0.0,ADI,1m
2026-04-16 10:33:00-04:00,351.95001220703125,352.4049987792969,351.95001220703125,352.4049987792969,1718,0.0,0.0,ADI,1m
2026-04-16 10:34:00-04:00,352.1650085449219,352.7799987792969,352.1650085449219,352.7799987792969,4551,0.0,0.0,ADI,1m
2026-04-16 10:35:00-04:00,352.80999755859375,352.8424987792969,352.5799865722656,352.70001220703125,4457,0.0,0.0,ADI,1m
2026-04-16 10:36:00-04:00,352.8399963378906,352.9999084472656,352.54998779296875,352.7650146484375,7041,0.0,0.0,ADI,1m
2026-04-16 10:37:00-04:00,352.6199951171875,352.82000732421875,352.6199951171875,352.82000732421875,1204,0.0,0.0,ADI,1m
2026-04-16 10:38:00-04:00,352.8699951171875,352.9840087890625,352.7349853515625,352.9840087890625,1305,0.0,0.0,ADI,1m
2026-04-16 10:39:00-04:00,352.7550048828125,352.9999084472656,352.7550048828125,352.9999084472656,1540,0.0,0.0,ADI,1m
2026-04-16 10:40:00-04:00,352.760009765625,352.760009765625,352.31500244140625,352.31500244140625,3650,0.0,0.0,ADI,1m
2026-04-16 10:41:00-04:00,352.31500244140625,352.5299987792969,352.31500244140625,352.5299987792969,3334,0.0,0.0,ADI,1m
2026-04-16 10:43:00-04:00,352.5299987792969,352.5299987792969,352.3800048828125,352.3999938964844,2992,0.0,0.0,ADI,1m
2026-04-16 10:44:00-04:00,352.4599914550781,352.4599914550781,352.010009765625,352.42999267578125,6414,0.0,0.0,ADI,1m
2026-04-16 10:45:00-04:00,352.05010986328125,352.6700134277344,352.05010986328125,352.6700134277344,2022,0.0,0.0,ADI,1m
2026-04-16 10:46:00-04:00,352.760009765625,352.9750061035156,352.75,352.75,1025,0.0,0.0,ADI,1m
2026-04-16 10:47:00-04:00,352.7650146484375,352.875,352.5299987792969,352.75,4457,0.0,0.0,ADI,1m
2026-04-16 10:48:00-04:00,352.5299987792969,352.6000061035156,352.3900146484375,352.3900146484375,1152,0.0,0.0,ADI,1m
2026-04-16 10:49:00-04:00,352.82989501953125,352.82989501953125,352.52508544921875,352.6000061035156,1027,0.0,0.0,ADI,1m
2026-04-16 10:50:00-04:00,352.635009765625,352.75,352.5899963378906,352.75,7764,0.0,0.0,ADI,1m
2026-04-16 10:51:00-04:00,352.6400146484375,352.7250061035156,352.6400146484375,352.7250061035156,2175,0.0,0.0,ADI,1m
2026-04-16 10:52:00-04:00,352.2099914550781,352.3900146484375,352.17999267578125,352.3900146484375,1961,0.0,0.0,ADI,1m
2026-04-16 10:53:00-04:00,352.3949890136719,352.3949890136719,352.3949890136719,352.3949890136719,203,0.0,0.0,ADI,1m
2026-04-16 10:54:00-04:00,352.239990234375,352.239990234375,352.239990234375,352.239990234375,1672,0.0,0.0,ADI,1m
2026-04-16 10:55:00-04:00,352.6000061035156,352.6499938964844,352.32000732421875,352.32000732421875,4167,0.0,0.0,ADI,1m
2026-04-16 10:56:00-04:00,352.31500244140625,352.4100036621094,352.2699890136719,352.29998779296875,2343,0.0,0.0,ADI,1m
2026-04-16 10:57:00-04:00,352.3257141113281,352.3257141113281,352.1400146484375,352.2749938964844,2907,0.0,0.0,ADI,1m
2026-04-16 10:58:00-04:00,352.4599914550781,352.7200012207031,352.4049987792969,352.7200012207031,3643,0.0,0.0,ADI,1m
2026-04-16 10:59:00-04:00,352.6400146484375,352.6400146484375,352.5799865722656,352.5799865722656,1010,0.0,0.0,ADI,1m
2026-04-16 11:00:00-04:00,352.6700134277344,352.92999267578125,352.6700134277344,352.7699890136719,1259,0.0,0.0,ADI,1m
2026-04-16 11:01:00-04:00,352.84271240234375,353.0,352.8399963378906,352.8599853515625,2878,0.0,0.0,ADI,1m
2026-04-16 11:02:00-04:00,352.9999084472656,353.13751220703125,352.8699951171875,353.13751220703125,7423,0.0,0.0,ADI,1m
2026-04-16 11:03:00-04:00,353.114990234375,353.260009765625,353.114990234375,353.260009765625,2227,0.0,0.0,ADI,1m
2026-04-16 11:04:00-04:00,353.30499267578125,353.489990234375,353.0199890136719,353.0199890136719,5426,0.0,0.0,ADI,1m
2026-04-16 11:05:00-04:00,353.04998779296875,353.1499938964844,352.989990234375,353.0799865722656,3528,0.0,0.0,ADI,1m
2026-04-16 11:06:00-04:00,353.0299987792969,353.1099853515625,352.9100036621094,353.1099853515625,4024,0.0,0.0,ADI,1m
2026-04-16 11:07:00-04:00,353.2099914550781,354.0,353.0299987792969,353.81500244140625,10642,0.0,0.0,ADI,1m
2026-04-16 11:08:00-04:00,353.6400146484375,353.989990234375,353.5199890136719,353.7149963378906,8165,0.0,0.0,ADI,1m
2026-04-16 11:09:00-04:00,353.989990234375,354.1199951171875,353.989990234375,354.1050109863281,2397,0.0,0.0,ADI,1m
2026-04-16 11:10:00-04:00,354.1050109863281,354.44000244140625,354.1050109863281,354.364990234375,3717,0.0,0.0,ADI,1m
2026-04-16 11:11:00-04:00,354.1700134277344,354.75,354.1700134277344,354.6499938964844,10259,0.0,0.0,ADI,1m
2026-04-16 11:12:00-04:00,354.6199951171875,354.6199951171875,354.31500244140625,354.44000244140625,4707,0.0,0.0,ADI,1m
2026-04-16 11:13:00-04:00,354.55999755859375,354.55999755859375,354.4150085449219,354.44500732421875,2680,0.0,0.0,ADI,1m
2026-04-16 11:14:00-04:00,354.44500732421875,354.45001220703125,354.1300048828125,354.4049987792969,7215,0.0,0.0,ADI,1m
2026-04-16 11:15:00-04:00,354.3550109863281,354.5799865722656,354.3500061035156,354.3500061035156,4754,0.0,0.0,ADI,1m
2026-04-16 11:16:00-04:00,354.4800109863281,354.6549987792969,354.3450012207031,354.6549987792969,3139,0.0,0.0,ADI,1m
2026-04-16 11:17:00-04:00,354.510009765625,354.6000061035156,354.3800048828125,354.3900146484375,5687,0.0,0.0,ADI,1m
2026-04-16 11:18:00-04:00,354.5,354.5,354.2149963378906,354.2149963378906,9002,0.0,0.0,ADI,1m
2026-04-16 11:19:00-04:00,354.29998779296875,354.69000244140625,354.07000732421875,354.69000244140625,11825,0.0,0.0,ADI,1m
2026-04-16 11:20:00-04:00,354.68499755859375,354.760009765625,354.6199951171875,354.760009765625,3357,0.0,0.0,ADI,1m
2026-04-16 11:21:00-04:00,354.6650085449219,354.6650085449219,354.4700012207031,354.6499938964844,3626,0.0,0.0,ADI,1m
2026-04-16 11:22:00-04:00,354.55499267578125,354.7099914550781,354.3900146484375,354.3900146484375,5901,0.0,0.0,ADI,1m
2026-04-16 11:23:00-04:00,354.5,354.5184020996094,354.5,354.5184020996094,1656,0.0,0.0,ADI,1m
2026-04-16 11:24:00-04:00,354.55999755859375,354.8299865722656,354.5400085449219,354.7650146484375,5540,0.0,0.0,ADI,1m
2026-04-16 11:25:00-04:00,354.7650146484375,354.7650146484375,354.32000732421875,354.56500244140625,13787,0.0,0.0,ADI,1m
2026-04-16 11:26:00-04:00,354.70001220703125,354.8500061035156,354.69000244140625,354.8500061035156,2466,0.0,0.0,ADI,1m
2026-04-16 11:27:00-04:00,354.989990234375,355.0,354.7301025390625,354.885009765625,9610,0.0,0.0,ADI,1m
2026-04-16 11:28:00-04:00,354.79998779296875,354.8999938964844,354.739990234375,354.739990234375,7834,0.0,0.0,ADI,1m
2026-04-16 11:29:00-04:00,354.67999267578125,354.67999267578125,354.05999755859375,354.0899963378906,11421,0.0,0.0,ADI,1m
2026-04-16 11:30:00-04:00,354.05999755859375,354.07000732421875,354.05999755859375,354.06500244140625,2434,0.0,0.0,ADI,1m
2026-04-16 11:31:00-04:00,354.06500244140625,354.06500244140625,353.9200134277344,353.9200134277344,1259,0.0,0.0,ADI,1m
2026-04-16 11:32:00-04:00,353.92999267578125,353.989990234375,353.79998779296875,353.989990234375,5542,0.0,0.0,ADI,1m
2026-04-16 11:33:00-04:00,353.9849853515625,354.1000061035156,353.91839599609375,354.010009765625,2830,0.0,0.0,ADI,1m
2026-04-16 11:34:00-04:00,354.20001220703125,354.3399963378906,354.1050109863281,354.3399963378906,4078,0.0,0.0,ADI,1m
2026-04-16 11:35:00-04:00,354.3399963378906,354.69000244140625,354.3399963378906,354.45001220703125,6845,0.0,0.0,ADI,1m
2026-04-16 11:36:00-04:00,354.5,354.7200012207031,354.5,354.7200012207031,2772,0.0,0.0,ADI,1m
2026-04-16 11:37:00-04:00,354.8299865722656,355.19000244140625,354.760009765625,355.07000732421875,7635,0.0,0.0,ADI,1m
2026-04-16 11:38:00-04:00,354.9700012207031,355.0,354.9200134277344,355.0,3689,0.0,0.0,ADI,1m
2026-04-16 11:39:00-04:00,355.1300048828125,355.3999938964844,355.0199890136719,355.3999938964844,3302,0.0,0.0,ADI,1m
2026-04-16 11:40:00-04:00,355.3999938964844,355.6400146484375,355.2699890136719,355.5450134277344,8122,0.0,0.0,ADI,1m
2026-04-16 11:41:00-04:00,355.54998779296875,355.55999755859375,355.4599914550781,355.4599914550781,4566,0.0,0.0,ADI,1m
2026-04-16 11:42:00-04:00,355.3599853515625,355.42999267578125,355.1000061035156,355.42999267578125,6006,0.0,0.0,ADI,1m
2026-04-16 11:43:00-04:00,355.4100036621094,355.45001220703125,355.4100036621094,355.45001220703125,1756,0.0,0.0,ADI,1m
2026-04-16 11:44:00-04:00,355.4599914550781,355.4599914550781,355.32000732421875,355.3800048828125,3024,0.0,0.0,ADI,1m
2026-04-16 11:45:00-04:00,355.32000732421875,355.4800109863281,355.32000732421875,355.4800109863281,2061,0.0,0.0,ADI,1m
2026-04-16 11:46:00-04:00,355.5350036621094,355.5400085449219,355.3800048828125,355.3800048828125,4755,0.0,0.0,ADI,1m
2026-04-16 11:47:00-04:00,355.29998779296875,355.3599853515625,355.2799987792969,355.3599853515625,3294,0.0,0.0,ADI,1m
2026-04-16 11:48:00-04:00,355.25,355.25,355.125,355.125,3401,0.0,0.0,ADI,1m
2026-04-16 11:49:00-04:00,355.1499938964844,355.1499938964844,355.0299987792969,355.0400085449219,2254,0.0,0.0,ADI,1m
2026-04-16 11:50:00-04:00,355.1000061035156,355.1300048828125,355.1000061035156,355.1300048828125,3897,0.0,0.0,ADI,1m
2026-04-16 11:51:00-04:00,355.1000061035156,355.1000061035156,355.1000061035156,355.1000061035156,206,0.0,0.0,ADI,1m
2026-04-16 11:52:00-04:00,355.1050109863281,355.2300109863281,355.1050109863281,355.2300109863281,3428,0.0,0.0,ADI,1m
2026-04-16 11:53:00-04:00,355.1300048828125,355.135009765625,355.1300048828125,355.135009765625,1441,0.0,0.0,ADI,1m
2026-04-16 11:54:00-04:00,355.1099853515625,355.260009765625,354.9599914550781,354.9700012207031,6025,0.0,0.0,ADI,1m
2026-04-16 11:55:00-04:00,355.2099914550781,355.5400085449219,355.2099914550781,355.5400085449219,2348,0.0,0.0,ADI,1m
2026-04-16 11:56:00-04:00,355.5450134277344,355.7799987792969,355.5450134277344,355.7799987792969,1838,0.0,0.0,ADI,1m
2026-04-16 11:57:00-04:00,355.5,355.6600036621094,355.30010986328125,355.6600036621094,2552,0.0,0.0,ADI,1m
2026-04-16 11:58:00-04:00,355.5,355.6700134277344,355.3301086425781,355.3301086425781,862,0.0,0.0,ADI,1m
2026-04-16 11:59:00-04:00,355.5,355.5,355.1700134277344,355.17498779296875,3903,0.0,0.0,ADI,1m
2026-04-16 12:00:00-04:00,355.17498779296875,355.17498779296875,355.0899963378906,355.0950012207031,1444,0.0,0.0,ADI,1m
2026-04-16 12:01:00-04:00,355.2799987792969,355.31500244140625,355.20001220703125,355.20001220703125,1037,0.0,0.0,ADI,1m
2026-04-16 12:02:00-04:00,355.2799987792969,355.2799987792969,355.0899963378906,355.0899963378906,2595,0.0,0.0,ADI,1m
2026-04-16 12:03:00-04:00,355.0899963378906,355.0899963378906,355.0899963378906,355.0899963378906,541,0.0,0.0,ADI,1m
2026-04-16 12:04:00-04:00,355.19000244140625,355.19000244140625,354.79998779296875,354.8800048828125,4861,0.0,0.0,ADI,1m
2026-04-16 12:05:00-04:00,354.7049865722656,354.8599853515625,354.7049865722656,354.8599853515625,2270,0.0,0.0,ADI,1m
2026-04-16 12:06:00-04:00,354.7200012207031,354.7449951171875,354.6400146484375,354.6400146484375,3204,0.0,0.0,ADI,1m
2026-04-16 12:08:00-04:00,354.8399963378906,354.8500061035156,354.739990234375,354.8399963378906,2981,0.0,0.0,ADI,1m
2026-04-16 12:09:00-04:00,354.7850036621094,354.7850036621094,354.7850036621094,354.7850036621094,498,0.0,0.0,ADI,1m
2026-04-16 12:10:00-04:00,354.7699890136719,354.8399963378906,354.7300109863281,354.8399963378906,1921,0.0,0.0,ADI,1m
2026-04-16 12:11:00-04:00,354.7900085449219,354.8399963378906,354.67999267578125,354.7300109863281,3352,0.0,0.0,ADI,1m
2026-04-16 12:12:00-04:00,354.7799987792969,354.8500061035156,354.7200012207031,354.7200012207031,3496,0.0,0.0,ADI,1m
2026-04-16 12:13:00-04:00,354.6700134277344,354.7300109863281,354.5400085449219,354.5400085449219,2837,0.0,0.0,ADI,1m
2026-04-16 12:14:00-04:00,354.614990234375,354.614990234375,354.614990234375,354.614990234375,1453,0.0,0.0,ADI,1m
2026-04-16 12:15:00-04:00,354.5400085449219,354.8500061035156,354.5400085449219,354.760009765625,2168,0.0,0.0,ADI,1m
2026-04-16 12:16:00-04:00,354.7200012207031,354.8500061035156,354.7200012207031,354.8399963378906,2051,0.0,0.0,ADI,1m
2026-04-16 12:17:00-04:00,354.9549865722656,355.010009765625,354.8800048828125,355.010009765625,3240,0.0,0.0,ADI,1m
2026-04-16 12:18:00-04:00,354.9200134277344,355.1499938964844,354.9200134277344,355.0950012207031,1238,0.0,0.0,ADI,1m
2026-04-16 12:19:00-04:00,355.1700134277344,355.3699951171875,355.1700134277344,355.2900085449219,3784,0.0,0.0,ADI,1m
2026-04-16 12:20:00-04:00,355.1099853515625,355.1099853515625,355.07000732421875,355.07000732421875,1262,0.0,0.0,ADI,1m
2026-04-16 12:21:00-04:00,355.0199890136719,355.2049865722656,355.0,355.20001220703125,3422,0.0,0.0,ADI,1m
2026-04-16 12:22:00-04:00,355.1700134277344,355.1700134277344,355.0799865722656,355.0799865722656,2430,0.0,0.0,ADI,1m
2026-04-16 12:23:00-04:00,354.80999755859375,354.8399963378906,354.7149963378906,354.7149963378906,2355,0.0,0.0,ADI,1m
2026-04-16 12:24:00-04:00,354.6199951171875,354.6199951171875,354.6199951171875,354.6199951171875,734,0.0,0.0,ADI,1m
2026-04-16 12:25:00-04:00,354.7149963378906,354.7149963378906,354.7149963378906,354.7149963378906,435,0.0,0.0,ADI,1m
2026-04-16 12:26:00-04:00,354.70001220703125,354.8800048828125,354.70001220703125,354.8800048828125,2325,0.0,0.0,ADI,1m
2026-04-16 12:27:00-04:00,354.82000732421875,354.9049987792969,354.82000732421875,354.9049987792969,1426,0.0,0.0,ADI,1m
2026-04-16 12:28:00-04:00,354.9049987792969,355.1000061035156,354.8175048828125,354.8175048828125,1699,0.0,0.0,ADI,1m
2026-04-16 12:29:00-04:00,354.7200012207031,354.75,354.6199951171875,354.6199951171875,4742,0.0,0.0,ADI,1m
2026-04-16 12:30:00-04:00,354.54998779296875,354.7200012207031,354.4200134277344,354.4200134277344,3917,0.0,0.0,ADI,1m
2026-04-16 12:31:00-04:00,354.5198974609375,354.6300048828125,354.3500061035156,354.3500061035156,5879,0.0,0.0,ADI,1m
2026-04-16 12:32:00-04:00,354.3699951171875,354.4949951171875,354.29998779296875,354.29998779296875,3528,0.0,0.0,ADI,1m
2026-04-16 12:33:00-04:00,354.2300109863281,354.2300109863281,353.1300048828125,353.375,7796,0.0,0.0,ADI,1m
2026-04-16 12:34:00-04:00,353.6199951171875,353.8699951171875,353.6199951171875,353.7850036621094,4902,0.0,0.0,ADI,1m
2026-04-16 12:35:00-04:00,353.989990234375,353.989990234375,353.8399963378906,353.8500061035156,4651,0.0,0.0,ADI,1m
2026-04-16 12:36:00-04:00,353.8299865722656,353.93499755859375,353.8299865722656,353.8500061035156,1916,0.0,0.0,ADI,1m
2026-04-16 12:37:00-04:00,353.8900146484375,353.94500732421875,353.8299865722656,353.8550109863281,3407,0.0,0.0,ADI,1m
2026-04-16 12:38:00-04:00,354.05999755859375,354.05999755859375,354.05999755859375,354.05999755859375,274,0.0,0.0,ADI,1m
2026-04-16 12:39:00-04:00,353.9800109863281,354.1549987792969,353.95001220703125,354.1549987792969,2358,0.0,0.0,ADI,1m
2026-04-16 12:40:00-04:00,354.2349853515625,354.3500061035156,354.1199951171875,354.260009765625,4817,0.0,0.0,ADI,1m
2026-04-16 12:41:00-04:00,354.0799865722656,354.0799865722656,353.79998779296875,353.79998779296875,1966,0.0,0.0,ADI,1m
2026-04-16 12:43:00-04:00,353.5,353.5,353.5,353.5,871,0.0,0.0,ADI,1m
2026-04-16 12:44:00-04:00,353.4800109863281,353.7367858886719,353.44158935546875,353.69500732421875,2327,0.0,0.0,ADI,1m
2026-04-16 12:45:00-04:00,353.7349853515625,353.760009765625,353.6300048828125,353.6300048828125,2404,0.0,0.0,ADI,1m
2026-04-16 12:46:00-04:00,353.7799987792969,353.7799987792969,353.7799987792969,353.7799987792969,609,0.0,0.0,ADI,1m
2026-04-16 12:47:00-04:00,353.6000061035156,353.6000061035156,353.6000061035156,353.6000061035156,615,0.0,0.0,ADI,1m
2026-04-16 12:48:00-04:00,353.7850036621094,353.7850036621094,353.60009765625,353.7699890136719,2609,0.0,0.0,ADI,1m
2026-04-16 12:49:00-04:00,353.7749938964844,353.7749938964844,353.7749938964844,353.7749938964844,706,0.0,0.0,ADI,1m
2026-04-16 12:50:00-04:00,353.7699890136719,353.7699890136719,353.6000061035156,353.760009765625,4232,0.0,0.0,ADI,1m
2026-04-16 12:51:00-04:00,353.75,353.9100036621094,353.75,353.82501220703125,2876,0.0,0.0,ADI,1m
2026-04-16 12:52:00-04:00,353.8699951171875,353.8699951171875,353.70001220703125,353.739990234375,2722,0.0,0.0,ADI,1m
2026-04-16 12:53:00-04:00,353.7099914550781,353.7298889160156,353.2300109863281,353.2799987792969,9774,0.0,0.0,ADI,1m
2026-04-16 12:54:00-04:00,353.0899963378906,353.2900085449219,353.0899963378906,353.2250061035156,2156,0.0,0.0,ADI,1m
2026-04-16 12:55:00-04:00,353.239990234375,353.3699951171875,353.239990234375,353.3360900878906,981,0.0,0.0,ADI,1m
2026-04-16 12:56:00-04:00,353.32000732421875,353.4700012207031,353.2799987792969,353.4700012207031,751,0.0,0.0,ADI,1m
2026-04-16 12:57:00-04:00,353.4949951171875,353.4949951171875,353.4949951171875,353.4949951171875,655,0.0,0.0,ADI,1m
2026-04-16 12:58:00-04:00,353.5199890136719,353.5199890136719,353.239990234375,353.239990234375,514,0.0,0.0,ADI,1m
2026-04-16 12:59:00-04:00,353.5150146484375,353.5150146484375,353.29998779296875,353.29998779296875,581,0.0,0.0,ADI,1m
2026-04-16 13:00:00-04:00,353.32000732421875,353.49249267578125,353.17999267578125,353.43499755859375,2533,0.0,0.0,ADI,1m
2026-04-16 13:01:00-04:00,353.510009765625,353.5199890136719,353.4800109863281,353.4800109863281,3491,0.0,0.0,ADI,1m
2026-04-16 13:02:00-04:00,353.3450012207031,353.4100036621094,353.2900085449219,353.3949890136719,782,0.0,0.0,ADI,1m
2026-04-16 13:03:00-04:00,353.30499267578125,353.4100036621094,353.30499267578125,353.4100036621094,2056,0.0,0.0,ADI,1m
2026-04-16 13:04:00-04:00,353.4750061035156,353.4750061035156,353.3399963378906,353.3450012207031,6511,0.0,0.0,ADI,1m
2026-04-16 13:05:00-04:00,353.239990234375,353.239990234375,352.7900085449219,352.8550109863281,4036,0.0,0.0,ADI,1m
2026-04-16 13:06:00-04:00,352.6816101074219,352.6816101074219,352.6816101074219,352.6816101074219,547,0.0,0.0,ADI,1m
2026-04-16 13:07:00-04:00,352.8299865722656,352.9200134277344,352.8299865722656,352.9200134277344,1516,0.0,0.0,ADI,1m
2026-04-16 13:08:00-04:00,352.9599914550781,352.9649963378906,352.92999267578125,352.93499755859375,2281,0.0,0.0,ADI,1m
2026-04-16 13:09:00-04:00,353.0899963378906,353.0899963378906,352.9800109863281,353.0,1457,0.0,0.0,ADI,1m
2026-04-16 13:10:00-04:00,352.9599914550781,353.06500244140625,352.9599914550781,353.06500244140625,923,0.0,0.0,ADI,1m
2026-04-16 13:11:00-04:00,353.17999267578125,353.17999267578125,353.07000732421875,353.1700134277344,1785,0.0,0.0,ADI,1m
2026-04-16 13:12:00-04:00,353.17999267578125,353.19000244140625,353.17999267578125,353.19000244140625,969,0.0,0.0,ADI,1m
2026-04-16 13:13:00-04:00,353.19500732421875,353.19500732421875,353.0899963378906,353.1000061035156,2503,0.0,0.0,ADI,1m
2026-04-16 13:14:00-04:00,353.0849914550781,353.2650146484375,352.9800109863281,353.1050109863281,5564,0.0,0.0,ADI,1m
2026-04-16 13:15:00-04:00,353.1000061035156,353.1050109863281,353.0299987792969,353.0299987792969,1068,0.0,0.0,ADI,1m
2026-04-16 13:16:00-04:00,352.989990234375,353.2427062988281,352.7799987792969,352.8900146484375,5166,0.0,0.0,ADI,1m
2026-04-16 13:17:00-04:00,353.07000732421875,353.1000061035156,353.07000732421875,353.1000061035156,1263,0.0,0.0,ADI,1m
2026-04-16 13:18:00-04:00,353.07501220703125,353.0799865722656,352.94000244140625,353.0799865722656,4907,0.0,0.0,ADI,1m
2026-04-16 13:19:00-04:00,353.0199890136719,353.0199890136719,353.0199890136719,353.0199890136719,2656,0.0,0.0,ADI,1m
2026-04-16 13:20:00-04:00,353.1000061035156,353.19000244140625,352.9100036621094,353.05499267578125,3381,0.0,0.0,ADI,1m
2026-04-16 13:21:00-04:00,353.05499267578125,353.05499267578125,353.05499267578125,353.05499267578125,664,0.0,0.0,ADI,1m
2026-04-16 13:22:00-04:00,353.05499267578125,353.17999267578125,353.05499267578125,353.05499267578125,1020,0.0,0.0,ADI,1m
2026-04-16 13:23:00-04:00,353.05499267578125,353.05499267578125,352.9599914550781,353.01080322265625,1073,0.0,0.0,ADI,1m
2026-04-16 13:24:00-04:00,353.1700134277344,353.3999938964844,353.1700134277344,353.3999938964844,3489,0.0,0.0,ADI,1m
2026-04-16 13:25:00-04:00,353.510009765625,353.55999755859375,353.4601135253906,353.55499267578125,2473,0.0,0.0,ADI,1m
2026-04-16 13:26:00-04:00,353.4599914550781,353.5299987792969,353.3699951171875,353.4549865722656,2467,0.0,0.0,ADI,1m
2026-04-16 13:27:00-04:00,353.447509765625,353.4549865722656,353.2900085449219,353.29998779296875,1229,0.0,0.0,ADI,1m
2026-04-16 13:28:00-04:00,353.3591003417969,353.45001220703125,353.2149963378906,353.45001220703125,5018,0.0,0.0,ADI,1m
2026-04-16 13:29:00-04:00,353.2699890136719,353.2699890136719,353.2650146484375,353.2650146484375,1348,0.0,0.0,ADI,1m
2026-04-16 13:30:00-04:00,353.44000244140625,353.44000244140625,353.43499755859375,353.43499755859375,2061,0.0,0.0,ADI,1m
2026-04-16 13:31:00-04:00,353.42999267578125,353.42999267578125,353.42999267578125,353.42999267578125,406,0.0,0.0,ADI,1m
2026-04-16 13:32:00-04:00,353.5199890136719,353.6549987792969,353.5199890136719,353.6549987792969,1816,0.0,0.0,ADI,1m
2026-04-16 13:33:00-04:00,353.6549987792969,353.6549987792969,353.6424865722656,353.6499938964844,1907,0.0,0.0,ADI,1m
2026-04-16 13:34:00-04:00,353.6499938964844,353.7749938964844,353.6499938964844,353.7699890136719,2091,0.0,0.0,ADI,1m
2026-04-16 13:35:00-04:00,353.6199951171875,353.7749938964844,353.5799865722656,353.7749938964844,3134,0.0,0.0,ADI,1m
2026-04-16 13:36:00-04:00,353.7825012207031,353.7825012207031,353.5899963378906,353.70001220703125,2863,0.0,0.0,ADI,1m
2026-04-16 13:37:00-04:00,353.70001220703125,353.70001220703125,353.70001220703125,353.70001220703125,839,0.0,0.0,ADI,1m
2026-04-16 13:38:00-04:00,353.67999267578125,353.70001220703125,353.67999267578125,353.70001220703125,522,0.0,0.0,ADI,1m
2026-04-16 13:39:00-04:00,353.70001220703125,353.82000732421875,353.70001220703125,353.82000732421875,1645,0.0,0.0,ADI,1m
2026-04-16 13:40:00-04:00,353.8800048828125,353.93499755859375,353.80999755859375,353.82501220703125,2559,0.0,0.0,ADI,1m
2026-04-16 13:41:00-04:00,353.7699890136719,353.8599853515625,353.7699890136719,353.8599853515625,1070,0.0,0.0,ADI,1m
2026-04-16 13:42:00-04:00,353.8450012207031,353.8450012207031,353.8450012207031,353.8450012207031,822,0.0,0.0,ADI,1m
2026-04-16 13:43:00-04:00,353.8450012207031,353.8450012207031,353.8450012207031,353.8450012207031,1037,0.0,0.0,ADI,1m
2026-04-16 13:44:00-04:00,353.739990234375,353.8399963378906,353.739990234375,353.7550048828125,2470,0.0,0.0,ADI,1m
2026-04-16 13:45:00-04:00,353.739990234375,353.739990234375,353.739990234375,353.739990234375,851,0.0,0.0,ADI,1m
2026-04-16 13:46:00-04:00,353.6650085449219,353.6650085449219,353.6650085449219,353.6650085449219,354,0.0,0.0,ADI,1m
2026-04-16 13:47:00-04:00,353.6600036621094,353.6600036621094,353.6600036621094,353.6600036621094,658,0.0,0.0,ADI,1m
2026-04-16 13:48:00-04:00,353.6549987792969,353.6549987792969,353.5199890136719,353.5199890136719,1924,0.0,0.0,ADI,1m
2026-04-16 13:49:00-04:00,353.760009765625,353.760009765625,353.5199890136719,353.5199890136719,1143,0.0,0.0,ADI,1m
2026-04-16 13:50:00-04:00,353.6000061035156,353.6400146484375,353.5201110839844,353.5201110839844,814,0.0,0.0,ADI,1m
2026-04-16 13:51:00-04:00,353.6400146484375,353.6400146484375,353.6400146484375,353.6400146484375,1971,0.0,0.0,ADI,1m
2026-04-16 13:52:00-04:00,353.75,353.7900085449219,353.7099914550781,353.7099914550781,3943,0.0,0.0,ADI,1m
2026-04-16 13:53:00-04:00,353.6449890136719,353.760009765625,353.5852966308594,353.635009765625,4855,0.0,0.0,ADI,1m
2026-04-16 13:54:00-04:00,353.6300048828125,353.6300048828125,353.6300048828125,353.6300048828125,941,0.0,0.0,ADI,1m
2026-04-16 13:55:00-04:00,353.6300048828125,353.7099914550781,353.5350036621094,353.6300048828125,7581,0.0,0.0,ADI,1m
2026-04-16 13:56:00-04:00,353.6000061035156,353.6000061035156,353.3900146484375,353.42999267578125,5720,0.0,0.0,ADI,1m
2026-04-16 13:57:00-04:00,353.44000244140625,353.44000244140625,353.4049987792969,353.4049987792969,1117,0.0,0.0,ADI,1m
2026-04-16 13:58:00-04:00,353.4150085449219,353.4150085449219,353.3457946777344,353.4150085449219,1906,0.0,0.0,ADI,1m
2026-04-16 13:59:00-04:00,353.55999755859375,353.6700134277344,353.55999755859375,353.6700134277344,1202,0.0,0.0,ADI,1m
2026-04-16 14:00:00-04:00,353.70001220703125,353.8399963378906,353.57000732421875,353.8399963378906,5089,0.0,0.0,ADI,1m
2026-04-16 14:01:00-04:00,354.07501220703125,354.07501220703125,353.5400085449219,353.7449951171875,5988,0.0,0.0,ADI,1m
2026-04-16 14:02:00-04:00,353.7449951171875,353.7650146484375,353.7449951171875,353.7650146484375,1043,0.0,0.0,ADI,1m
2026-04-16 14:03:00-04:00,353.6700134277344,353.6700134277344,353.4700012207031,353.5450134277344,2962,0.0,0.0,ADI,1m
2026-04-16 14:04:00-04:00,353.4200134277344,353.4200134277344,353.260009765625,353.260009765625,1328,0.0,0.0,ADI,1m
2026-04-16 14:05:00-04:00,353.3034973144531,353.4100036621094,353.3034973144531,353.4100036621094,1064,0.0,0.0,ADI,1m
2026-04-16 14:06:00-04:00,353.3699951171875,353.54998779296875,353.3699951171875,353.3999938964844,2247,0.0,0.0,ADI,1m
2026-04-16 14:07:00-04:00,353.385009765625,353.385009765625,352.82000732421875,352.82000732421875,4649,0.0,0.0,ADI,1m
2026-04-16 14:08:00-04:00,352.739990234375,352.80999755859375,352.5400085449219,352.80999755859375,2852,0.0,0.0,ADI,1m
2026-04-16 14:09:00-04:00,352.80999755859375,352.8699951171875,352.6199951171875,352.8699951171875,1831,0.0,0.0,ADI,1m
2026-04-16 14:10:00-04:00,352.4317932128906,352.7449951171875,352.239990234375,352.239990234375,3545,0.0,0.0,ADI,1m
2026-04-16 14:11:00-04:00,352.25,352.45001220703125,352.25,352.45001220703125,1374,0.0,0.0,ADI,1m
2026-04-16 14:12:00-04:00,352.3299865722656,352.6199951171875,352.3299865722656,352.4800109863281,3306,0.0,0.0,ADI,1m
2026-04-16 14:13:00-04:00,352.4800109863281,352.6499938964844,352.4800109863281,352.5299987792969,4924,0.0,0.0,ADI,1m
2026-04-16 14:14:00-04:00,352.54998779296875,352.54998779296875,352.54998779296875,352.54998779296875,826,0.0,0.0,ADI,1m
2026-04-16 14:15:00-04:00,352.54998779296875,352.55499267578125,352.2900085449219,352.2900085449219,5428,0.0,0.0,ADI,1m
2026-04-16 14:16:00-04:00,352.3800048828125,352.3999938964844,352.04998779296875,352.25,5884,0.0,0.0,ADI,1m
2026-04-16 14:17:00-04:00,352.3699951171875,352.3699951171875,352.0799865722656,352.2349853515625,1653,0.0,0.0,ADI,1m
2026-04-16 14:18:00-04:00,352.3900146484375,352.45001220703125,352.1499938964844,352.45001220703125,3722,0.0,0.0,ADI,1m
2026-04-16 14:19:00-04:00,352.3900146484375,352.7875061035156,352.3900146484375,352.7875061035156,3044,0.0,0.0,ADI,1m
2026-04-16 14:20:00-04:00,352.875,352.875,352.875,352.875,1029,0.0,0.0,ADI,1m
2026-04-16 14:22:00-04:00,352.8949890136719,352.8949890136719,352.7300109863281,352.7300109863281,821,0.0,0.0,ADI,1m
2026-04-16 14:23:00-04:00,352.7300109863281,352.7300109863281,352.6199951171875,352.6199951171875,2859,0.0,0.0,ADI,1m
2026-04-16 14:24:00-04:00,352.6600036621094,352.6600036621094,352.5,352.57501220703125,1576,0.0,0.0,ADI,1m
2026-04-16 14:25:00-04:00,352.57501220703125,352.5801086425781,352.4800109863281,352.5799865722656,1848,0.0,0.0,ADI,1m
2026-04-16 14:26:00-04:00,352.4100036621094,352.510009765625,352.30999755859375,352.3644104003906,6681,0.0,0.0,ADI,1m
2026-04-16 14:27:00-04:00,352.32000732421875,352.32000732421875,352.32000732421875,352.32000732421875,338,0.0,0.0,ADI,1m
2026-04-16 14:28:00-04:00,352.2401123046875,352.2900085449219,352.1600036621094,352.2900085449219,1962,0.0,0.0,ADI,1m
2026-04-16 14:29:00-04:00,352.3699951171875,352.3699951171875,352.3599853515625,352.3599853515625,588,0.0,0.0,ADI,1m
2026-04-16 14:30:00-04:00,352.3800048828125,352.6300048828125,352.3800048828125,352.5,5422,0.0,0.0,ADI,1m
2026-04-16 14:31:00-04:00,352.489990234375,352.4949951171875,352.2200012207031,352.32000732421875,2708,0.0,0.0,ADI,1m
2026-04-16 14:32:00-04:00,352.2650146484375,352.3999938964844,352.2650146484375,352.3999938964844,2282,0.0,0.0,ADI,1m
2026-04-16 14:33:00-04:00,352.42999267578125,352.42999267578125,352.42999267578125,352.42999267578125,712,0.0,0.0,ADI,1m
2026-04-16 14:34:00-04:00,352.43499755859375,352.43499755859375,352.260009765625,352.260009765625,2252,0.0,0.0,ADI,1m
2026-04-16 14:35:00-04:00,352.42999267578125,352.42999267578125,352.42999267578125,352.42999267578125,1038,0.0,0.0,ADI,1m
2026-04-16 14:36:00-04:00,352.4800109863281,352.5899963378906,352.4800109863281,352.510009765625,2543,0.0,0.0,ADI,1m
2026-04-16 14:37:00-04:00,352.6000061035156,352.6400146484375,352.55499267578125,352.6400146484375,3784,0.0,0.0,ADI,1m
2026-04-16 14:38:00-04:00,352.6600036621094,352.80999755859375,352.6449890136719,352.80999755859375,3267,0.0,0.0,ADI,1m
2026-04-16 14:39:00-04:00,352.80999755859375,352.8550109863281,352.80999755859375,352.8550109863281,1641,0.0,0.0,ADI,1m
2026-04-16 14:40:00-04:00,352.760009765625,352.760009765625,352.67999267578125,352.67999267578125,933,0.0,0.0,ADI,1m
2026-04-16 14:41:00-04:00,352.7650146484375,352.9100036621094,352.7650146484375,352.8349914550781,3330,0.0,0.0,ADI,1m
2026-04-16 14:42:00-04:00,352.9200134277344,353.04998779296875,352.7900085449219,353.04998779296875,5327,0.0,0.0,ADI,1m
2026-04-16 14:43:00-04:00,353.2049865722656,353.2049865722656,353.1199951171875,353.20001220703125,1143,0.0,0.0,ADI,1m
2026-04-16 14:44:00-04:00,353.2799987792969,353.3550109863281,353.2799987792969,353.3550109863281,1644,0.0,0.0,ADI,1m
2026-04-16 14:45:00-04:00,353.45001220703125,353.5,353.45001220703125,353.5,1214,0.0,0.0,ADI,1m
2026-04-16 14:46:00-04:00,353.56500244140625,353.6300048828125,353.5199890136719,353.6199951171875,4108,0.0,0.0,ADI,1m
2026-04-16 14:47:00-04:00,353.69000244140625,353.69000244140625,353.5899963378906,353.635009765625,987,0.0,0.0,ADI,1m
2026-04-16 14:48:00-04:00,353.6000061035156,353.6698913574219,353.44000244140625,353.4800109863281,2788,0.0,0.0,ADI,1m
2026-04-16 14:49:00-04:00,353.4649963378906,353.4649963378906,353.3800048828125,353.45001220703125,1312,0.0,0.0,ADI,1m
2026-04-16 14:50:00-04:00,353.44500732421875,353.44500732421875,353.19000244140625,353.3900146484375,5786,0.0,0.0,ADI,1m
2026-04-16 14:51:00-04:00,353.3999938964844,353.55999755859375,353.3999938964844,353.55999755859375,1894,0.0,0.0,ADI,1m
2026-04-16 14:52:00-04:00,353.42498779296875,353.54998779296875,353.29998779296875,353.4200134277344,1855,0.0,0.0,ADI,1m
2026-04-16 14:53:00-04:00,353.5299987792969,353.6099853515625,353.4150085449219,353.5799865722656,4666,0.0,0.0,ADI,1m
2026-04-16 14:54:00-04:00,353.5299987792969,353.5299987792969,353.5199890136719,353.5199890136719,1157,0.0,0.0,ADI,1m
2026-04-16 14:55:00-04:00,353.4200134277344,353.4200134277344,353.4200134277344,353.4200134277344,1541,0.0,0.0,ADI,1m
2026-04-16 14:56:00-04:00,353.39990234375,353.5,353.39990234375,353.5,2089,0.0,0.0,ADI,1m
2026-04-16 14:57:00-04:00,353.45001220703125,353.45001220703125,353.45001220703125,353.45001220703125,163,0.0,0.0,ADI,1m
2026-04-16 14:58:00-04:00,353.32000732421875,353.45001220703125,353.30999755859375,353.45001220703125,1643,0.0,0.0,ADI,1m
2026-04-16 14:59:00-04:00,353.30999755859375,353.5899963378906,353.30999755859375,353.45001220703125,2423,0.0,0.0,ADI,1m
2026-04-16 15:00:00-04:00,353.6000061035156,353.8959045410156,353.6000061035156,353.6300048828125,3424,0.0,0.0,ADI,1m
2026-04-16 15:01:00-04:00,353.7250061035156,353.8800048828125,353.7250061035156,353.739990234375,1131,0.0,0.0,ADI,1m
2026-04-16 15:02:00-04:00,353.8699951171875,353.9100036621094,353.82501220703125,353.8599853515625,4220,0.0,0.0,ADI,1m
2026-04-16 15:03:00-04:00,353.760009765625,353.760009765625,353.760009765625,353.760009765625,105,0.0,0.0,ADI,1m
2026-04-16 15:04:00-04:00,353.8349914550781,353.8349914550781,353.8349914550781,353.8349914550781,873,0.0,0.0,ADI,1m
2026-04-16 15:05:00-04:00,353.98699951171875,353.98699951171875,353.7099914550781,353.82501220703125,6082,0.0,0.0,ADI,1m
2026-04-16 15:06:00-04:00,353.70001220703125,353.8299865722656,353.69000244140625,353.7099914550781,6135,0.0,0.0,ADI,1m
2026-04-16 15:07:00-04:00,353.80499267578125,353.94000244140625,353.80499267578125,353.9399108886719,2492,0.0,0.0,ADI,1m
2026-04-16 15:08:00-04:00,353.6400146484375,353.7099914550781,353.45001220703125,353.635009765625,7412,0.0,0.0,ADI,1m
2026-04-16 15:09:00-04:00,353.6000061035156,353.6000061035156,353.5,353.5,1995,0.0,0.0,ADI,1m
2026-04-16 15:10:00-04:00,353.6300048828125,353.7099914550781,353.5,353.7099914550781,7869,0.0,0.0,ADI,1m
2026-04-16 15:11:00-04:00,353.6099853515625,353.75,353.6099853515625,353.75,5317,0.0,0.0,ADI,1m
2026-04-16 15:12:00-04:00,353.6499938964844,353.6499938964844,353.3999938964844,353.3999938964844,3576,0.0,0.0,ADI,1m
2026-04-16 15:13:00-04:00,353.4360046386719,353.5799865722656,353.3999938964844,353.3999938964844,946,0.0,0.0,ADI,1m
2026-04-16 15:14:00-04:00,353.4649963378906,353.6299133300781,353.4649963378906,353.6099853515625,3495,0.0,0.0,ADI,1m
2026-04-16 15:15:00-04:00,353.6499938964844,353.75,353.635009765625,353.69000244140625,4685,0.0,0.0,ADI,1m
2026-04-16 15:16:00-04:00,353.6099853515625,353.898193359375,353.6099853515625,353.898193359375,1596,0.0,0.0,ADI,1m
2026-04-16 15:17:00-04:00,353.80999755859375,353.82000732421875,353.80999755859375,353.82000732421875,1340,0.0,0.0,ADI,1m
2026-04-16 15:18:00-04:00,353.8900146484375,353.8900146484375,353.5199890136719,353.7200012207031,4159,0.0,0.0,ADI,1m
2026-04-16 15:19:00-04:00,353.6700134277344,353.8699951171875,353.6700134277344,353.8500061035156,3149,0.0,0.0,ADI,1m
2026-04-16 15:20:00-04:00,353.9100036621094,353.9100036621094,353.8599853515625,353.8599853515625,2075,0.0,0.0,ADI,1m
2026-04-16 15:21:00-04:00,353.8999938964844,353.989990234375,353.8999938964844,353.989990234375,5461,0.0,0.0,ADI,1m
2026-04-16 15:22:00-04:00,353.9849853515625,353.9849853515625,353.9849853515625,353.9849853515625,1580,0.0,0.0,ADI,1m
2026-04-16 15:23:00-04:00,353.989990234375,353.989990234375,353.989990234375,353.989990234375,822,0.0,0.0,ADI,1m
2026-04-16 15:24:00-04:00,353.9849853515625,353.9849853515625,353.9750061035156,353.9750061035156,1863,0.0,0.0,ADI,1m
2026-04-16 15:25:00-04:00,354.010009765625,354.07000732421875,353.92999267578125,353.9800109863281,1946,0.0,0.0,ADI,1m
2026-04-16 15:26:00-04:00,353.9750061035156,354.0,353.8900146484375,353.92498779296875,3803,0.0,0.0,ADI,1m
2026-04-16 15:27:00-04:00,353.8179931640625,353.9281005859375,353.8179931640625,353.9200134277344,2636,0.0,0.0,ADI,1m
2026-04-16 15:28:00-04:00,353.9700012207031,353.9800109863281,353.8349914550781,353.8699951171875,5453,0.0,0.0,ADI,1m
2026-04-16 15:29:00-04:00,353.8999938964844,353.8999938964844,353.6900939941406,353.70001220703125,5487,0.0,0.0,ADI,1m
2026-04-16 15:30:00-04:00,353.760009765625,353.7650146484375,353.57000732421875,353.57000732421875,4358,0.0,0.0,ADI,1m
2026-04-16 15:31:00-04:00,353.57000732421875,353.70001220703125,353.5400085449219,353.5400085449219,4724,0.0,0.0,ADI,1m
2026-04-16 15:32:00-04:00,353.5,353.5,353.4949951171875,353.4949951171875,1883,0.0,0.0,ADI,1m
2026-04-16 15:33:00-04:00,353.4800109863281,353.4800109863281,353.3500061035156,353.42999267578125,5981,0.0,0.0,ADI,1m
2026-04-16 15:34:00-04:00,353.44000244140625,353.44000244140625,353.3100891113281,353.3100891113281,2191,0.0,0.0,ADI,1m
2026-04-16 15:35:00-04:00,353.239990234375,353.239990234375,352.7900085449219,353.1000061035156,9769,0.0,0.0,ADI,1m
2026-04-16 15:36:00-04:00,353.07000732421875,353.19000244140625,353.07000732421875,353.1099853515625,2913,0.0,0.0,ADI,1m
2026-04-16 15:37:00-04:00,353.19000244140625,353.19000244140625,353.0799865722656,353.0799865722656,1817,0.0,0.0,ADI,1m
2026-04-16 15:38:00-04:00,353.1449890136719,353.2799987792969,353.1449890136719,353.1600036621094,4870,0.0,0.0,ADI,1m
2026-04-16 15:39:00-04:00,353.0799865722656,353.2799987792969,352.8999938964844,353.2799987792969,5432,0.0,0.0,ADI,1m
2026-04-16 15:40:00-04:00,353.2300109863281,353.2300109863281,353.0199890136719,353.0199890136719,3298,0.0,0.0,ADI,1m
2026-04-16 15:41:00-04:00,353.1549987792969,353.1889953613281,353.1000061035156,353.1050109863281,2715,0.0,0.0,ADI,1m
2026-04-16 15:42:00-04:00,353.2099914550781,353.42999267578125,353.2099914550781,353.3599853515625,3269,0.0,0.0,ADI,1m
2026-04-16 15:43:00-04:00,353.3599853515625,353.4200134277344,353.3599853515625,353.4200134277344,1886,0.0,0.0,ADI,1m
2026-04-16 15:44:00-04:00,353.4100036621094,353.4200134277344,353.2149963378906,353.2149963378906,5995,0.0,0.0,ADI,1m
2026-04-16 15:45:00-04:00,353.1600036621094,353.31500244140625,353.1000061035156,353.31500244140625,6816,0.0,0.0,ADI,1m
2026-04-16 15:46:00-04:00,353.4100036621094,353.42999267578125,353.3599853515625,353.3949890136719,5726,0.0,0.0,ADI,1m
2026-04-16 15:47:00-04:00,353.42999267578125,353.44500732421875,353.4100036621094,353.44500732421875,3112,0.0,0.0,ADI,1m
2026-04-16 15:48:00-04:00,353.44500732421875,353.510009765625,353.3699951171875,353.4700012207031,5923,0.0,0.0,ADI,1m
2026-04-16 15:49:00-04:00,353.4599914550781,353.4599914550781,353.2640075683594,353.2640075683594,3601,0.0,0.0,ADI,1m
2026-04-16 15:50:00-04:00,353.3900146484375,353.6499938964844,353.20001220703125,353.3699951171875,10405,0.0,0.0,ADI,1m
2026-04-16 15:51:00-04:00,353.20001220703125,353.4200134277344,353.17999267578125,353.31500244140625,5241,0.0,0.0,ADI,1m
2026-04-16 15:52:00-04:00,353.2300109863281,353.42999267578125,353.2099914550781,353.2099914550781,7196,0.0,0.0,ADI,1m
2026-04-16 15:53:00-04:00,353.19000244140625,353.2550048828125,352.7699890136719,352.8399963378906,9662,0.0,0.0,ADI,1m
2026-04-16 15:54:00-04:00,352.7950134277344,353.1300048828125,352.6700134277344,353.05999755859375,11954,0.0,0.0,ADI,1m
2026-04-16 15:55:00-04:00,353.2099914550781,353.2099914550781,352.5899963378906,352.989990234375,21267,0.0,0.0,ADI,1m
2026-04-16 15:56:00-04:00,352.989990234375,353.0899963378906,352.82000732421875,353.0799865722656,13961,0.0,0.0,ADI,1m
2026-04-16 15:57:00-04:00,353.1099853515625,353.8599853515625,353.1099853515625,353.75,32058,0.0,0.0,ADI,1m
2026-04-16 15:58:00-04:00,353.75,353.9599914550781,353.6199951171875,353.82501220703125,38545,0.0,0.0,ADI,1m
2026-04-16 15:59:00-04:00,353.82501220703125,354.1000061035156,353.7300109863281,353.95001220703125,93460,0.0,0.0,ADI,1m
2026-04-17 09:30:00-04:00,359.1099853515625,359.9700012207031,358.68499755859375,358.864990234375,178213,0.0,0.0,ADI,1m
2026-04-17 09:31:00-04:00,359.010009765625,359.44000244140625,358.1199951171875,359.1000061035156,38199,0.0,0.0,ADI,1m
2026-04-17 09:32:00-04:00,357.82000732421875,361.3699951171875,357.82000732421875,360.67999267578125,13444,0.0,0.0,ADI,1m
2026-04-17 09:33:00-04:00,360.04998779296875,360.5450134277344,359.0400085449219,359.7349853515625,10961,0.0,0.0,ADI,1m
2026-04-17 09:34:00-04:00,359.7349853515625,360.0,359.260009765625,359.5299987792969,5217,0.0,0.0,ADI,1m
2026-04-17 09:35:00-04:00,360.0299987792969,360.2099914550781,359.44500732421875,359.80999755859375,16423,0.0,0.0,ADI,1m
2026-04-17 09:36:00-04:00,359.67999267578125,360.0199890136719,359.3900146484375,359.7099914550781,10176,0.0,0.0,ADI,1m
2026-04-17 09:37:00-04:00,359.3900146484375,359.80999755859375,359.260009765625,359.6700134277344,7613,0.0,0.0,ADI,1m
2026-04-17 09:38:00-04:00,359.739990234375,359.739990234375,358.4049987792969,359.19500732421875,6192,0.0,0.0,ADI,1m
2026-04-17 09:39:00-04:00,359.32000732421875,359.79998779296875,358.8900146484375,359.7099914550781,4050,0.0,0.0,ADI,1m
2026-04-17 09:40:00-04:00,359.7854919433594,359.7854919433594,358.9800109863281,359.3500061035156,6694,0.0,0.0,ADI,1m
2026-04-17 09:41:00-04:00,359.3399963378906,359.8500061035156,359.2950134277344,359.8299865722656,7403,0.0,0.0,ADI,1m
2026-04-17 09:42:00-04:00,359.9599914550781,359.9599914550781,359.0,359.3550109863281,27801,0.0,0.0,ADI,1m
2026-04-17 09:43:00-04:00,359.0899963378906,359.2049865722656,358.6449890136719,358.9599914550781,8700,0.0,0.0,ADI,1m
2026-04-17 09:44:00-04:00,358.75,359.32000732421875,358.75,359.32000732421875,3023,0.0,0.0,ADI,1m
2026-04-17 09:45:00-04:00,358.82501220703125,358.82501220703125,358.1300048828125,358.31500244140625,6580,0.0,0.0,ADI,1m
2026-04-17 09:46:00-04:00,358.20001220703125,358.7099914550781,358.04998779296875,358.2950134277344,23390,0.0,0.0,ADI,1m
2026-04-17 09:47:00-04:00,358.0299987792969,358.7300109863281,357.8299865722656,358.7300109863281,11111,0.0,0.0,ADI,1m
2026-04-17 09:48:00-04:00,358.82000732421875,359.25,358.82000732421875,359.1000061035156,3957,0.0,0.0,ADI,1m
2026-04-17 09:49:00-04:00,359.25,359.3900146484375,359.06719970703125,359.06719970703125,5131,0.0,0.0,ADI,1m
2026-04-17 09:50:00-04:00,359.3500061035156,359.4100036621094,358.69000244140625,358.7699890136719,10525,0.0,0.0,ADI,1m
2026-04-17 09:51:00-04:00,358.9049987792969,359.2650146484375,358.8999938964844,359.1700134277344,6430,0.0,0.0,ADI,1m
2026-04-17 09:52:00-04:00,359.4800109863281,359.92999267578125,359.4800109863281,359.7550048828125,2143,0.0,0.0,ADI,1m
2026-04-17 09:53:00-04:00,359.7550048828125,359.9999084472656,359.44500732421875,359.7149963378906,5725,0.0,0.0,ADI,1m
2026-04-17 09:54:00-04:00,359.7149963378906,360.04998779296875,359.7149963378906,360.04998779296875,6843,0.0,0.0,ADI,1m
2026-04-17 09:55:00-04:00,360.0199890136719,360.239990234375,359.75,359.75,3904,0.0,0.0,ADI,1m
2026-04-17 09:56:00-04:00,359.94000244140625,360.29998779296875,359.94000244140625,360.29998779296875,3837,0.0,0.0,ADI,1m
2026-04-17 09:57:00-04:00,360.55499267578125,361.07000732421875,360.54998779296875,361.07000732421875,2128,0.0,0.0,ADI,1m
2026-04-17 09:58:00-04:00,361.010009765625,361.3299865722656,360.9200134277344,361.3299865722656,3439,0.0,0.0,ADI,1m
2026-04-17 09:59:00-04:00,361.6549987792969,361.7349853515625,361.35101318359375,361.635009765625,4091,0.0,0.0,ADI,1m
2026-04-17 10:00:00-04:00,361.75,362.0899963378906,361.6199951171875,361.95001220703125,40488,0.0,0.0,ADI,1m
2026-04-17 10:01:00-04:00,361.95001220703125,362.239990234375,361.8550109863281,362.239990234375,17491,0.0,0.0,ADI,1m
2026-04-17 10:02:00-04:00,362.2850036621094,363.2900085449219,362.2699890136719,363.0000915527344,29741,0.0,0.0,ADI,1m
2026-04-17 10:03:00-04:00,363.0,363.2900085449219,362.5950012207031,362.864990234375,33891,0.0,0.0,ADI,1m
2026-04-17 10:04:00-04:00,362.864990234375,363.0299987792969,362.6300048828125,362.67498779296875,11097,0.0,0.0,ADI,1m
2026-04-17 10:05:00-04:00,362.67999267578125,363.1455078125,362.5899963378906,362.9949951171875,11706,0.0,0.0,ADI,1m
2026-04-17 10:06:00-04:00,362.9949951171875,363.9599914550781,362.9949951171875,363.9599914550781,14450,0.0,0.0,ADI,1m
2026-04-17 10:07:00-04:00,363.9599914550781,364.1000061035156,363.54998779296875,364.05499267578125,26224,0.0,0.0,ADI,1m
2026-04-17 10:08:00-04:00,364.05499267578125,364.45001220703125,363.9949951171875,364.2300109863281,19923,0.0,0.0,ADI,1m
2026-04-17 10:09:00-04:00,364.260009765625,364.9898986816406,364.260009765625,364.67498779296875,8088,0.0,0.0,ADI,1m
2026-04-17 10:10:00-04:00,364.6650085449219,364.8999938964844,364.54998779296875,364.7099914550781,6974,0.0,0.0,ADI,1m
2026-04-17 10:11:00-04:00,364.7099914550781,364.9898986816406,364.3800048828125,364.4800109863281,10369,0.0,0.0,ADI,1m
2026-04-17 10:12:00-04:00,364.5,364.54998779296875,364.2699890136719,364.489990234375,8847,0.0,0.0,ADI,1m
2026-04-17 10:13:00-04:00,364.57000732421875,364.9100036621094,364.57000732421875,364.635009765625,4227,0.0,0.0,ADI,1m
2026-04-17 10:14:00-04:00,364.6300048828125,364.80999755859375,364.6199951171875,364.7099914550781,5684,0.0,0.0,ADI,1m
2026-04-17 10:15:00-04:00,364.7377014160156,364.7377014160156,364.010009765625,364.239990234375,22045,0.0,0.0,ADI,1m
2026-04-17 10:16:00-04:00,364.1300048828125,364.3949890136719,364.0799865722656,364.19000244140625,5030,0.0,0.0,ADI,1m
2026-04-17 10:17:00-04:00,364.1499938964844,364.4100036621094,364.0050048828125,364.3500061035156,3645,0.0,0.0,ADI,1m
2026-04-17 10:18:00-04:00,364.20001220703125,364.8500061035156,364.1400146484375,364.6553039550781,13678,0.0,0.0,ADI,1m
2026-04-17 10:19:00-04:00,364.5849914550781,364.8599853515625,364.4100036621094,364.6300048828125,10174,0.0,0.0,ADI,1m
2026-04-17 10:20:00-04:00,364.5899963378906,364.5899963378906,364.1400146484375,364.2950134277344,8497,0.0,0.0,ADI,1m
2026-04-17 10:21:00-04:00,364.2749938964844,364.5498962402344,364.2749938964844,364.31500244140625,5702,0.0,0.0,ADI,1m
2026-04-17 10:22:00-04:00,364.31500244140625,364.54998779296875,364.010009765625,364.2550048828125,7218,0.0,0.0,ADI,1m
2026-04-17 10:23:00-04:00,364.2749938964844,364.4800109863281,364.2200012207031,364.2850036621094,2745,0.0,0.0,ADI,1m
2026-04-17 10:24:00-04:00,364.2850036621094,364.7099914550781,364.2850036621094,364.6199951171875,7269,0.0,0.0,ADI,1m
2026-04-17 10:25:00-04:00,364.4599914550781,365.1300048828125,364.4599914550781,365.010009765625,10084,0.0,0.0,ADI,1m
2026-04-17 10:26:00-04:00,364.92999267578125,365.0,364.5950012207031,364.6000061035156,7704,0.0,0.0,ADI,1m
2026-04-17 10:27:00-04:00,364.0,364.3599853515625,364.0,364.3550109863281,4816,0.0,0.0,ADI,1m
2026-04-17 10:28:00-04:00,364.3599853515625,364.7025146484375,364.3299865722656,364.6199951171875,5982,0.0,0.0,ADI,1m
2026-04-17 10:29:00-04:00,364.5199890136719,364.72589111328125,364.4649963378906,364.4649963378906,2895,0.0,0.0,ADI,1m
2026-04-17 10:30:00-04:00,364.7300109863281,364.7300109863281,364.5249938964844,364.54998779296875,4977,0.0,0.0,ADI,1m
2026-04-17 10:31:00-04:00,364.55499267578125,364.80999755859375,364.55499267578125,364.80499267578125,3172,0.0,0.0,ADI,1m
2026-04-17 10:32:00-04:00,364.80499267578125,365.3399963378906,364.79998779296875,365.07501220703125,5479,0.0,0.0,ADI,1m
2026-04-17 10:33:00-04:00,365.2049865722656,365.5950012207031,365.0799865722656,365.5950012207031,11353,0.0,0.0,ADI,1m
2026-04-17 10:34:00-04:00,365.7149963378906,365.9200134277344,365.7149963378906,365.8949890136719,17654,0.0,0.0,ADI,1m
2026-04-17 10:35:00-04:00,365.79998779296875,366.42999267578125,365.5299987792969,366.07940673828125,16232,0.0,0.0,ADI,1m
2026-04-17 10:36:00-04:00,366.17999267578125,366.6199951171875,366.1600036621094,366.6199951171875,4112,0.0,0.0,ADI,1m
2026-04-17 10:37:00-04:00,366.3349914550781,366.5950012207031,366.1300964355469,366.3799133300781,12231,0.0,0.0,ADI,1m
2026-04-17 10:38:00-04:00,366.5,366.9198913574219,366.45001220703125,366.80999755859375,6688,0.0,0.0,ADI,1m
2026-04-17 10:39:00-04:00,366.99310302734375,367.42498779296875,366.6650085449219,367.2300109863281,13227,0.0,0.0,ADI,1m
2026-04-17 10:40:00-04:00,367.2860107421875,367.55499267578125,366.7799987792969,367.06500244140625,15379,0.0,0.0,ADI,1m
2026-04-17 10:41:00-04:00,367.42999267578125,367.4999084472656,367.2900085449219,367.3999938964844,2714,0.0,0.0,ADI,1m
2026-04-17 10:42:00-04:00,367.2850036621094,367.5299987792969,367.07000732421875,367.2799987792969,28422,0.0,0.0,ADI,1m
2026-04-17 10:43:00-04:00,367.5,367.79998779296875,367.30999755859375,367.31500244140625,10720,0.0,0.0,ADI,1m
2026-04-17 10:44:00-04:00,367.31500244140625,367.625,367.1099853515625,367.260009765625,5400,0.0,0.0,ADI,1m
2026-04-17 10:45:00-04:00,367.7099914550781,367.7099914550781,367.4599914550781,367.6549987792969,2021,0.0,0.0,ADI,1m
2026-04-17 10:46:00-04:00,367.67999267578125,367.80999755859375,367.5950012207031,367.6000061035156,4848,0.0,0.0,ADI,1m
2026-04-17 10:47:00-04:00,367.5849914550781,367.69000244140625,367.4949951171875,367.69000244140625,4536,0.0,0.0,ADI,1m
2026-04-17 10:48:00-04:00,367.55499267578125,368.04998779296875,367.5400085449219,367.94500732421875,14454,0.0,0.0,ADI,1m
2026-04-17 10:49:00-04:00,368.0799865722656,368.6000061035156,368.0,368.4150085449219,12555,0.0,0.0,ADI,1m
2026-04-17 10:50:00-04:00,368.43499755859375,368.510009765625,367.8999938964844,367.8999938964844,32339,0.0,0.0,ADI,1m
2026-04-17 10:51:00-04:00,368.0,368.34991455078125,367.9599914550781,368.0899963378906,7919,0.0,0.0,ADI,1m
2026-04-17 10:52:00-04:00,368.0450134277344,368.0450134277344,367.80999755859375,368.0249938964844,2866,0.0,0.0,ADI,1m
2026-04-17 10:53:00-04:00,368.0299987792969,368.3500061035156,368.0299987792969,368.2749938964844,5880,0.0,0.0,ADI,1m
2026-04-17 10:54:00-04:00,368.2250061035156,368.42999267578125,368.2250061035156,368.42999267578125,3005,0.0,0.0,ADI,1m
2026-04-17 10:55:00-04:00,368.31500244140625,368.3999938964844,368.010009765625,368.06500244140625,8931,0.0,0.0,ADI,1m
2026-04-17 10:56:00-04:00,368.19000244140625,368.4700012207031,368.17999267578125,368.44500732421875,8769,0.0,0.0,ADI,1m
2026-04-17 10:57:00-04:00,368.2900085449219,368.2900085449219,368.0199890136719,368.0899963378906,4567,0.0,0.0,ADI,1m
2026-04-17 10:58:00-04:00,368.05999755859375,368.26580810546875,367.4700012207031,367.760009765625,9592,0.0,0.0,ADI,1m
2026-04-17 10:59:00-04:00,367.8399963378906,367.8399963378906,367.4800109863281,367.55999755859375,7038,0.0,0.0,ADI,1m
2026-04-17 11:00:00-04:00,367.6600036621094,367.6700134277344,367.3699951171875,367.5050048828125,9239,0.0,0.0,ADI,1m
2026-04-17 11:01:00-04:00,367.41009521484375,367.7799987792969,367.41009521484375,367.635009765625,7891,0.0,0.0,ADI,1m
2026-04-17 11:02:00-04:00,367.6099853515625,367.7300109863281,367.5,367.5400085449219,6629,0.0,0.0,ADI,1m
2026-04-17 11:03:00-04:00,367.7200012207031,367.7900085449219,367.1600036621094,367.1600036621094,9248,0.0,0.0,ADI,1m
2026-04-17 11:04:00-04:00,367.3299865722656,367.42999267578125,367.010009765625,367.3699951171875,10508,0.0,0.0,ADI,1m
2026-04-17 11:05:00-04:00,367.2099914550781,367.5350036621094,367.1600036621094,367.5350036621094,3889,0.0,0.0,ADI,1m
2026-04-17 11:06:00-04:00,367.5799865722656,367.70001220703125,367.4200134277344,367.70001220703125,5882,0.0,0.0,ADI,1m
2026-04-17 11:07:00-04:00,367.7449951171875,367.7449951171875,367.5,367.5,2351,0.0,0.0,ADI,1m
2026-04-17 11:08:00-04:00,367.54998779296875,367.54998779296875,366.88751220703125,367.1700134277344,6666,0.0,0.0,ADI,1m
2026-04-17 11:09:00-04:00,367.1000061035156,367.1000061035156,366.7950134277344,367.010009765625,5304,0.0,0.0,ADI,1m
2026-04-17 11:10:00-04:00,366.95001220703125,367.3349914550781,366.875,367.3299865722656,12707,0.0,0.0,ADI,1m
2026-04-17 11:11:00-04:00,367.32000732421875,367.4800109863281,367.1700134277344,367.3399963378906,36689,0.0,0.0,ADI,1m
2026-04-17 11:12:00-04:00,367.3399963378906,367.44000244140625,367.2099914550781,367.32000732421875,7982,0.0,0.0,ADI,1m
2026-04-17 11:13:00-04:00,367.42999267578125,367.6700134277344,367.31500244140625,367.6499938964844,8672,0.0,0.0,ADI,1m
2026-04-17 11:14:00-04:00,367.6000061035156,367.95001220703125,367.4700012207031,367.5400085449219,17298,0.0,0.0,ADI,1m
2026-04-17 11:15:00-04:00,367.5400085449219,367.7300109863281,367.5199890136719,367.70001220703125,4718,0.0,0.0,ADI,1m
2026-04-17 11:16:00-04:00,367.635009765625,367.9700012207031,367.635009765625,367.82000732421875,7704,0.0,0.0,ADI,1m
2026-04-17 11:17:00-04:00,367.95001220703125,368.114990234375,367.8399963378906,368.0,6099,0.0,0.0,ADI,1m
2026-04-17 11:18:00-04:00,368.0450134277344,368.3800048828125,367.9800109863281,368.1300048828125,13053,0.0,0.0,ADI,1m
2026-04-17 11:19:00-04:00,368.05499267578125,368.6700134277344,368.05499267578125,368.3399963378906,18481,0.0,0.0,ADI,1m
2026-04-17 11:20:00-04:00,368.5199890136719,368.5199890136719,367.8500061035156,367.8887939453125,9011,0.0,0.0,ADI,1m
2026-04-17 11:21:00-04:00,367.81500244140625,368.5,367.739990234375,368.2900085449219,7948,0.0,0.0,ADI,1m
2026-04-17 11:22:00-04:00,368.2850036621094,368.30999755859375,368.1099853515625,368.30499267578125,10941,0.0,0.0,ADI,1m
2026-04-17 11:23:00-04:00,368.2950134277344,368.5899963378906,368.2900085449219,368.3699951171875,7416,0.0,0.0,ADI,1m
2026-04-17 11:24:00-04:00,368.2900085449219,368.30999755859375,368.239990234375,368.2674865722656,2446,0.0,0.0,ADI,1m
2026-04-17 11:25:00-04:00,368.4100036621094,368.7099914550781,368.32000732421875,368.3399963378906,15072,0.0,0.0,ADI,1m
2026-04-17 11:26:00-04:00,368.5899963378906,368.5899963378906,368.0299987792969,368.4949951171875,6498,0.0,0.0,ADI,1m
2026-04-17 11:27:00-04:00,368.32000732421875,368.32000732421875,368.31500244140625,368.31500244140625,850,0.0,0.0,ADI,1m
2026-04-17 11:28:00-04:00,368.2900085449219,368.6300048828125,368.2900085449219,368.5299987792969,8939,0.0,0.0,ADI,1m
2026-04-17 11:29:00-04:00,368.4549865722656,368.7200012207031,368.4549865722656,368.7200012207031,3429,0.0,0.0,ADI,1m
2026-04-17 11:30:00-04:00,368.7149963378906,368.9200134277344,368.7149963378906,368.8999938964844,3052,0.0,0.0,ADI,1m
2026-04-17 11:31:00-04:00,368.7900085449219,369.0,368.7900085449219,368.989990234375,4465,0.0,0.0,ADI,1m
2026-04-17 11:32:00-04:00,368.989990234375,368.989990234375,368.9750061035156,368.9750061035156,5501,0.0,0.0,ADI,1m
2026-04-17 11:33:00-04:00,368.9750061035156,369.4599914550781,368.9750061035156,369.2300109863281,4714,0.0,0.0,ADI,1m
2026-04-17 11:34:00-04:00,369.3033142089844,369.4100036621094,369.19500732421875,369.19500732421875,3219,0.0,0.0,ADI,1m
2026-04-17 11:35:00-04:00,369.3900146484375,369.5899963378906,369.32501220703125,369.5799865722656,7512,0.0,0.0,ADI,1m
2026-04-17 11:36:00-04:00,369.6000061035156,369.80999755859375,369.2699890136719,369.3399963378906,27659,0.0,0.0,ADI,1m
2026-04-17 11:37:00-04:00,369.3299865722656,369.3399963378906,369.215087890625,369.215087890625,4026,0.0,0.0,ADI,1m
2026-04-17 11:38:00-04:00,369.2200012207031,369.5,368.8789978027344,369.5,10941,0.0,0.0,ADI,1m
2026-04-17 11:39:00-04:00,369.5,369.6400146484375,369.32501220703125,369.4750061035156,2890,0.0,0.0,ADI,1m
2026-04-17 11:40:00-04:00,369.5400085449219,369.5799865722656,369.5400085449219,369.5799865722656,4185,0.0,0.0,ADI,1m
2026-04-17 11:41:00-04:00,369.739990234375,369.75,369.4200134277344,369.4200134277344,3309,0.0,0.0,ADI,1m
2026-04-17 11:42:00-04:00,369.54998779296875,369.6600036621094,369.3800048828125,369.3800048828125,12493,0.0,0.0,ADI,1m
2026-04-17 11:43:00-04:00,369.30499267578125,369.3800048828125,369.05999755859375,369.05999755859375,6586,0.0,0.0,ADI,1m
2026-04-17 11:44:00-04:00,369.0350036621094,369.114990234375,368.8901062011719,369.114990234375,7229,0.0,0.0,ADI,1m
2026-04-17 11:45:00-04:00,369.1199951171875,369.5299987792969,369.1199951171875,369.31500244140625,2926,0.0,0.0,ADI,1m
2026-04-17 11:46:00-04:00,369.3399963378906,369.3399963378906,369.3399963378906,369.3399963378906,1518,0.0,0.0,ADI,1m
2026-04-17 11:47:00-04:00,369.2749938964844,369.2749938964844,369.1300048828125,369.2200012207031,6006,0.0,0.0,ADI,1m
2026-04-17 11:48:00-04:00,369.2200012207031,369.45001220703125,369.2200012207031,369.4200134277344,2196,0.0,0.0,ADI,1m
2026-04-17 11:49:00-04:00,369.4100036621094,369.8999938964844,369.4100036621094,369.4599914550781,8434,0.0,0.0,ADI,1m
2026-04-17 11:50:00-04:00,369.70001220703125,370.05499267578125,369.69000244140625,369.885009765625,9776,0.0,0.0,ADI,1m
2026-04-17 11:51:00-04:00,369.7950134277344,370.1600036621094,369.7850036621094,369.92999267578125,10417,0.0,0.0,ADI,1m
2026-04-17 11:52:00-04:00,369.92999267578125,370.010009765625,369.9200134277344,370.010009765625,1918,0.0,0.0,ADI,1m
2026-04-17 11:53:00-04:00,369.7301025390625,370.4200134277344,369.7301025390625,370.3599853515625,10703,0.0,0.0,ADI,1m
2026-04-17 11:54:00-04:00,370.3399963378906,370.44000244140625,370.1400146484375,370.1400146484375,5636,0.0,0.0,ADI,1m
2026-04-17 11:55:00-04:00,370.18499755859375,370.4549865722656,370.18499755859375,370.4024963378906,5746,0.0,0.0,ADI,1m
2026-04-17 11:56:00-04:00,370.2749938964844,370.3299865722656,370.1400146484375,370.29998779296875,4283,0.0,0.0,ADI,1m
2026-04-17 11:57:00-04:00,370.3900146484375,370.4800109863281,370.20001220703125,370.4150085449219,4907,0.0,0.0,ADI,1m
2026-04-17 11:58:00-04:00,370.260009765625,370.2699890136719,370.25,370.2699890136719,1697,0.0,0.0,ADI,1m
2026-04-17 11:59:00-04:00,370.2099914550781,370.42999267578125,370.0799865722656,370.1499938964844,6826,0.0,0.0,ADI,1m
2026-04-17 12:00:00-04:00,369.9901123046875,370.05999755859375,369.75,369.75,5427,0.0,0.0,ADI,1m
2026-04-17 12:01:00-04:00,369.8900146484375,370.6199951171875,369.8900146484375,370.6199951171875,7763,0.0,0.0,ADI,1m
2026-04-17 12:02:00-04:00,370.7200012207031,370.7200012207031,370.4849853515625,370.5299987792969,5996,0.0,0.0,ADI,1m
2026-04-17 12:03:00-04:00,370.6099853515625,370.6099853515625,370.4800109863281,370.5299987792969,1840,0.0,0.0,ADI,1m
2026-04-17 12:04:00-04:00,370.5050048828125,370.6029968261719,370.4949951171875,370.4949951171875,3302,0.0,0.0,ADI,1m
2026-04-17 12:05:00-04:00,370.6300048828125,370.6700134277344,370.5400085449219,370.5899963378906,4114,0.0,0.0,ADI,1m
2026-04-17 12:06:00-04:00,370.5249938964844,370.5249938964844,370.30499267578125,370.30499267578125,6248,0.0,0.0,ADI,1m
2026-04-17 12:07:00-04:00,370.5,370.5199890136719,370.2200012207031,370.4049987792969,3651,0.0,0.0,ADI,1m
2026-04-17 12:08:00-04:00,370.4049987792969,370.4849853515625,370.3399963378906,370.3900146484375,4722,0.0,0.0,ADI,1m
2026-04-17 12:09:00-04:00,370.4100036621094,371.1600036621094,370.3599853515625,370.3599853515625,18000,0.0,0.0,ADI,1m
2026-04-17 12:10:00-04:00,370.32000732421875,370.406494140625,370.2300109863281,370.385009765625,5567,0.0,0.0,ADI,1m
2026-04-17 12:11:00-04:00,370.3699951171875,370.5299987792969,370.364990234375,370.4100036621094,3937,0.0,0.0,ADI,1m
2026-04-17 12:12:00-04:00,370.3299865722656,370.42999267578125,370.2449951171875,370.3550109863281,4421,0.0,0.0,ADI,1m
2026-04-17 12:13:00-04:00,370.3500061035156,370.4100036621094,370.19000244140625,370.4100036621094,2951,0.0,0.0,ADI,1m
2026-04-17 12:14:00-04:00,370.29998779296875,370.4700012207031,370.29998779296875,370.4100036621094,3057,0.0,0.0,ADI,1m
2026-04-17 12:15:00-04:00,370.5400085449219,370.5799865722656,370.3900146484375,370.42498779296875,3917,0.0,0.0,ADI,1m
2026-04-17 12:16:00-04:00,370.42498779296875,370.6400146484375,370.42498779296875,370.6400146484375,3643,0.0,0.0,ADI,1m
2026-04-17 12:17:00-04:00,370.9800109863281,371.1499938964844,370.9624938964844,371.04998779296875,3345,0.0,0.0,ADI,1m
2026-04-17 12:18:00-04:00,370.7699890136719,370.9599914550781,370.2900085449219,370.9049987792969,7379,0.0,0.0,ADI,1m
2026-04-17 12:19:00-04:00,370.9049987792969,370.9049987792969,370.69000244140625,370.69000244140625,2689,0.0,0.0,ADI,1m
2026-04-17 12:20:00-04:00,370.7799987792969,371.010009765625,370.7099914550781,370.7200012207031,4771,0.0,0.0,ADI,1m
2026-04-17 12:21:00-04:00,370.80999755859375,371.04998779296875,370.80499267578125,371.0,3602,0.0,0.0,ADI,1m
2026-04-17 12:22:00-04:00,370.9849853515625,370.9849853515625,370.7900085449219,370.7900085449219,4798,0.0,0.0,ADI,1m
2026-04-17 12:23:00-04:00,370.7850036621094,370.8699951171875,370.7799987792969,370.8399963378906,2964,0.0,0.0,ADI,1m
2026-04-17 12:24:00-04:00,370.7550048828125,370.7550048828125,370.2950134277344,370.3999938964844,6647,0.0,0.0,ADI,1m
2026-04-17 12:25:00-04:00,370.3550109863281,370.69500732421875,370.3550109863281,370.69500732421875,5544,0.0,0.0,ADI,1m
2026-04-17 12:26:00-04:00,370.69500732421875,370.760009765625,370.69500732421875,370.739990234375,2978,0.0,0.0,ADI,1m
2026-04-17 12:27:00-04:00,370.82000732421875,371.0799865722656,370.82000732421875,370.9200134277344,9947,0.0,0.0,ADI,1m
2026-04-17 12:28:00-04:00,370.8800048828125,371.1199951171875,370.8800048828125,371.1199951171875,2815,0.0,0.0,ADI,1m
2026-04-17 12:29:00-04:00,370.9849853515625,371.3800048828125,370.9849853515625,371.2900085449219,12538,0.0,0.0,ADI,1m
2026-04-17 12:30:00-04:00,371.2149963378906,371.9700012207031,371.2149963378906,371.9700012207031,10334,0.0,0.0,ADI,1m
2026-04-17 12:31:00-04:00,371.864990234375,372.44000244140625,371.864990234375,372.44000244140625,7048,0.0,0.0,ADI,1m
2026-04-17 12:32:00-04:00,372.45001220703125,372.45001220703125,372.2200012207031,372.2749938964844,8821,0.0,0.0,ADI,1m
2026-04-17 12:33:00-04:00,372.32861328125,372.32861328125,372.04998779296875,372.07000732421875,9865,0.0,0.0,ADI,1m
2026-04-17 12:34:00-04:00,372.04998779296875,372.19000244140625,372.04998779296875,372.1400146484375,5440,0.0,0.0,ADI,1m
2026-04-17 12:35:00-04:00,372.17999267578125,372.3299865722656,372.1199951171875,372.1400146484375,8876,0.0,0.0,ADI,1m
2026-04-17 12:36:00-04:00,372.1099853515625,372.3599853515625,372.0299987792969,372.1300048828125,8341,0.0,0.0,ADI,1m
2026-04-17 12:37:00-04:00,372.05999755859375,372.3500061035156,372.05999755859375,372.3500061035156,1205,0.0,0.0,ADI,1m
2026-04-17 12:38:00-04:00,372.3599853515625,372.3900146484375,372.20001220703125,372.2099914550781,7488,0.0,0.0,ADI,1m
2026-04-17 12:39:00-04:00,372.1700134277344,372.30999755859375,371.9150085449219,371.9150085449219,7482,0.0,0.0,ADI,1m
2026-04-17 12:40:00-04:00,372.0199890136719,372.0199890136719,371.8900146484375,371.8900146484375,1745,0.0,0.0,ADI,1m
2026-04-17 12:41:00-04:00,371.79998779296875,371.9599914550781,371.6492919921875,371.7799987792969,7046,0.0,0.0,ADI,1m
2026-04-17 12:42:00-04:00,371.8399963378906,371.94000244140625,371.80499267578125,371.92999267578125,5519,0.0,0.0,ADI,1m
2026-04-17 12:43:00-04:00,371.875,371.94000244140625,371.70001220703125,371.80499267578125,4212,0.0,0.0,ADI,1m
2026-04-17 12:44:00-04:00,371.8399963378906,371.8900146484375,371.7799987792969,371.8299865722656,4275,0.0,0.0,ADI,1m
2026-04-17 12:45:00-04:00,371.8999938964844,371.9100036621094,371.6700134277344,371.68499755859375,6578,0.0,0.0,ADI,1m
2026-04-17 12:46:00-04:00,371.7799987792969,372.2699890136719,371.7799987792969,372.2699890136719,6225,0.0,0.0,ADI,1m
2026-04-17 12:47:00-04:00,372.2900085449219,372.2900085449219,372.0899963378906,372.1549987792969,2156,0.0,0.0,ADI,1m
2026-04-17 12:48:00-04:00,372.0799865722656,372.17999267578125,372.0799865722656,372.17999267578125,5031,0.0,0.0,ADI,1m
2026-04-17 12:49:00-04:00,372.18499755859375,372.2325134277344,372.0906982421875,372.0950012207031,3937,0.0,0.0,ADI,1m
2026-04-17 12:50:00-04:00,372.17999267578125,372.260009765625,372.1000061035156,372.17999267578125,5580,0.0,0.0,ADI,1m
2026-04-17 12:51:00-04:00,372.17999267578125,372.322509765625,372.0899963378906,372.0899963378906,14657,0.0,0.0,ADI,1m
2026-04-17 12:52:00-04:00,371.8999938964844,371.8999938964844,371.82501220703125,371.82501220703125,2464,0.0,0.0,ADI,1m
2026-04-17 12:53:00-04:00,371.81500244140625,371.81500244140625,371.55999755859375,371.7300109863281,3787,0.0,0.0,ADI,1m
2026-04-17 12:54:00-04:00,371.7099914550781,371.7200012207031,371.57501220703125,371.5950012207031,2738,0.0,0.0,ADI,1m
2026-04-17 12:55:00-04:00,371.5950012207031,371.5950012207031,371.42999267578125,371.5350036621094,6274,0.0,0.0,ADI,1m
2026-04-17 12:56:00-04:00,371.44000244140625,371.44000244140625,371.4150085449219,371.4150085449219,2858,0.0,0.0,ADI,1m
2026-04-17 12:57:00-04:00,371.30999755859375,371.30999755859375,371.2850036621094,371.2850036621094,1638,0.0,0.0,ADI,1m
2026-04-17 12:58:00-04:00,371.3299865722656,371.3299865722656,370.9849853515625,371.1700134277344,9687,0.0,0.0,ADI,1m
2026-04-17 12:59:00-04:00,371.07501220703125,371.0899963378906,371.07501220703125,371.0899963378906,2062,0.0,0.0,ADI,1m
2026-04-17 13:00:00-04:00,371.0849914550781,371.0899963378906,370.9700012207031,370.9700012207031,6372,0.0,0.0,ADI,1m
2026-04-17 13:01:00-04:00,370.7099914550781,370.7099914550781,370.7099914550781,370.7099914550781,2944,0.0,0.0,ADI,1m
2026-04-17 13:02:00-04:00,370.7101135253906,370.8800048828125,370.69500732421875,370.8800048828125,9891,0.0,0.0,ADI,1m
2026-04-17 13:03:00-04:00,371.0799865722656,371.3999938964844,371.0799865722656,371.3999938964844,3563,0.0,0.0,ADI,1m
2026-04-17 13:04:00-04:00,371.45001220703125,371.6700134277344,371.2250061035156,371.2250061035156,5047,0.0,0.0,ADI,1m
2026-04-17 13:05:00-04:00,371.2850036621094,372.1700134277344,371.2850036621094,371.92999267578125,47424,0.0,0.0,ADI,1m
2026-04-17 13:06:00-04:00,371.9599914550781,372.0899963378906,371.70001220703125,371.70001220703125,9521,0.0,0.0,ADI,1m
2026-04-17 13:07:00-04:00,371.84698486328125,371.84698486328125,371.3450012207031,371.3599853515625,11048,0.0,0.0,ADI,1m
2026-04-17 13:08:00-04:00,371.3299865722656,371.4700012207031,370.80999755859375,370.80999755859375,7700,0.0,0.0,ADI,1m
2026-04-17 13:09:00-04:00,370.67999267578125,371.1099853515625,370.5150146484375,371.0799865722656,5938,0.0,0.0,ADI,1m
2026-04-17 13:10:00-04:00,371.0849914550781,371.1400146484375,370.5899963378906,370.7900085449219,7997,0.0,0.0,ADI,1m
2026-04-17 13:11:00-04:00,370.6300048828125,371.2298889160156,370.6300048828125,370.9501037597656,15502,0.0,0.0,ADI,1m
2026-04-17 13:12:00-04:00,371.05999755859375,371.1600036621094,370.9100036621094,371.1570129394531,4206,0.0,0.0,ADI,1m
2026-04-17 13:13:00-04:00,371.30999755859375,371.55999755859375,371.30999755859375,371.5249938964844,5120,0.0,0.0,ADI,1m
2026-04-17 13:14:00-04:00,371.5299987792969,371.5299987792969,371.5299987792969,371.5299987792969,1043,0.0,0.0,ADI,1m
2026-04-17 13:15:00-04:00,371.4700012207031,371.489990234375,371.2349853515625,371.2349853515625,5810,0.0,0.0,ADI,1m
2026-04-17 13:16:00-04:00,371.2099914550781,371.29998779296875,371.0101013183594,371.2900085449219,5277,0.0,0.0,ADI,1m
2026-04-17 13:17:00-04:00,371.0350036621094,371.239990234375,371.0350036621094,371.1549987792969,1767,0.0,0.0,ADI,1m
2026-04-17 13:18:00-04:00,371.1549987792969,371.1549987792969,370.8699951171875,370.92498779296875,5125,0.0,0.0,ADI,1m
2026-04-17 13:19:00-04:00,370.92999267578125,371.2598876953125,370.92999267578125,371.05999755859375,2622,0.0,0.0,ADI,1m
2026-04-17 13:20:00-04:00,371.2250061035156,371.25,370.7099914550781,370.7099914550781,5800,0.0,0.0,ADI,1m
2026-04-17 13:21:00-04:00,370.5,370.6600036621094,370.5,370.5299987792969,5771,0.0,0.0,ADI,1m
2026-04-17 13:22:00-04:00,370.5299987792969,370.6400146484375,370.5249938964844,370.6400146484375,4119,0.0,0.0,ADI,1m
2026-04-17 13:23:00-04:00,370.6600036621094,370.80999755859375,370.6600036621094,370.7550048828125,3364,0.0,0.0,ADI,1m
2026-04-17 13:24:00-04:00,370.7650146484375,370.7650146484375,369.45001220703125,369.95001220703125,15641,0.0,0.0,ADI,1m
2026-04-17 13:25:00-04:00,370.05999755859375,370.1300048828125,369.9700012207031,369.9700012207031,4527,0.0,0.0,ADI,1m
2026-04-17 13:26:00-04:00,369.9649963378906,369.9649963378906,369.55499267578125,369.70001220703125,4208,0.0,0.0,ADI,1m
2026-04-17 13:27:00-04:00,369.82000732421875,370.0400085449219,369.82000732421875,370.0,5588,0.0,0.0,ADI,1m
2026-04-17 13:28:00-04:00,370.0299987792969,370.0838928222656,369.67498779296875,369.67498779296875,6743,0.0,0.0,ADI,1m
2026-04-17 13:29:00-04:00,369.739990234375,370.0,369.739990234375,369.8800048828125,3669,0.0,0.0,ADI,1m
2026-04-17 13:30:00-04:00,369.8299865722656,369.9700012207031,369.8299865722656,369.9649963378906,3163,0.0,0.0,ADI,1m
2026-04-17 13:31:00-04:00,369.9849853515625,370.1099853515625,369.8699951171875,370.0400085449219,4427,0.0,0.0,ADI,1m
2026-04-17 13:32:00-04:00,369.9700012207031,369.9700012207031,369.75,369.81500244140625,5366,0.0,0.0,ADI,1m
2026-04-17 13:33:00-04:00,369.79998779296875,369.94000244140625,369.4049987792969,369.4049987792969,5662,0.0,0.0,ADI,1m
2026-04-17 13:34:00-04:00,369.489990234375,369.70001220703125,369.40008544921875,369.5450134277344,2908,0.0,0.0,ADI,1m
2026-04-17 13:35:00-04:00,369.5400085449219,369.7799987792969,369.2200012207031,369.3299865722656,9607,0.0,0.0,ADI,1m
2026-04-17 13:36:00-04:00,369.3349914550781,369.4045104980469,369.30389404296875,369.30389404296875,986,0.0,0.0,ADI,1m
2026-04-17 13:37:00-04:00,369.4800109863281,370.29998779296875,369.4800109863281,370.29998779296875,16660,0.0,0.0,ADI,1m
2026-04-17 13:38:00-04:00,370.375,370.45001220703125,370.04998779296875,370.04998779296875,7228,0.0,0.0,ADI,1m
2026-04-17 13:39:00-04:00,370.05999755859375,370.05999755859375,369.75,369.75,4928,0.0,0.0,ADI,1m
2026-04-17 13:40:00-04:00,369.7200012207031,369.7200012207031,369.7200012207031,369.7200012207031,958,0.0,0.0,ADI,1m
2026-04-17 13:41:00-04:00,369.69000244140625,369.8599853515625,369.0299987792969,369.0299987792969,18139,0.0,0.0,ADI,1m
2026-04-17 13:42:00-04:00,368.95001220703125,369.20001220703125,368.8599853515625,368.9100036621094,15639,0.0,0.0,ADI,1m
2026-04-17 13:43:00-04:00,368.8900146484375,368.9949951171875,368.7925109863281,368.9949951171875,7716,0.0,0.0,ADI,1m
2026-04-17 13:44:00-04:00,368.9849853515625,369.25,368.9849853515625,369.25,6346,0.0,0.0,ADI,1m
2026-04-17 13:45:00-04:00,369.30999755859375,369.5400085449219,369.30999755859375,369.5400085449219,3346,0.0,0.0,ADI,1m
2026-04-17 13:46:00-04:00,369.57000732421875,369.6499938964844,369.4100036621094,369.5299987792969,4354,0.0,0.0,ADI,1m
2026-04-17 13:47:00-04:00,369.5450134277344,369.67999267578125,369.5450134277344,369.67999267578125,4263,0.0,0.0,ADI,1m
2026-04-17 13:48:00-04:00,369.6549987792969,369.6549987792969,369.4750061035156,369.4750061035156,2618,0.0,0.0,ADI,1m
2026-04-17 13:49:00-04:00,369.4949951171875,369.7099914550781,369.489990234375,369.69500732421875,7756,0.0,0.0,ADI,1m
2026-04-17 13:50:00-04:00,369.69500732421875,369.79998779296875,369.614990234375,369.7950134277344,8560,0.0,0.0,ADI,1m
2026-04-17 13:51:00-04:00,369.7950134277344,369.9549865722656,369.7950134277344,369.8599853515625,4357,0.0,0.0,ADI,1m
2026-04-17 13:52:00-04:00,369.885009765625,369.9200134277344,369.7550048828125,369.8949890136719,5347,0.0,0.0,ADI,1m
2026-04-17 13:53:00-04:00,369.8900146484375,369.8949890136719,369.739990234375,369.8949890136719,4763,0.0,0.0,ADI,1m
2026-04-17 13:54:00-04:00,369.8949890136719,369.8949890136719,369.8900146484375,369.8900146484375,1565,0.0,0.0,ADI,1m
2026-04-17 13:55:00-04:00,369.9599914550781,370.1000061035156,369.9549865722656,370.1000061035156,7876,0.0,0.0,ADI,1m
2026-04-17 13:56:00-04:00,370.07000732421875,370.1199951171875,370.010009765625,370.1099853515625,3252,0.0,0.0,ADI,1m
2026-04-17 13:57:00-04:00,370.1099853515625,370.1099853515625,370.0299987792969,370.0849914550781,2862,0.0,0.0,ADI,1m
2026-04-17 13:58:00-04:00,370.1000061035156,370.1199951171875,369.8450012207031,369.8450012207031,5189,0.0,0.0,ADI,1m
2026-04-17 13:59:00-04:00,369.92498779296875,370.1099853515625,369.92498779296875,370.0299987792969,5236,0.0,0.0,ADI,1m
2026-04-17 14:00:00-04:00,369.94000244140625,370.0299987792969,369.94000244140625,370.0249938964844,2192,0.0,0.0,ADI,1m
2026-04-17 14:01:00-04:00,370.0249938964844,370.44500732421875,369.7449951171875,370.1549987792969,9187,0.0,0.0,ADI,1m
2026-04-17 14:02:00-04:00,370.2099914550781,370.2749938964844,370.05999755859375,370.05999755859375,3696,0.0,0.0,ADI,1m
2026-04-17 14:03:00-04:00,369.9750061035156,369.989990234375,369.6050109863281,369.6050109863281,4759,0.0,0.0,ADI,1m
2026-04-17 14:04:00-04:00,369.55999755859375,369.7799987792969,369.5350036621094,369.7699890136719,7512,0.0,0.0,ADI,1m
2026-04-17 14:05:00-04:00,369.7699890136719,369.7699890136719,369.5400085449219,369.635009765625,13061,0.0,0.0,ADI,1m
2026-04-17 14:06:00-04:00,369.5799865722656,369.5799865722656,369.25,369.3949890136719,8493,0.0,0.0,ADI,1m
2026-04-17 14:07:00-04:00,369.3949890136719,369.3949890136719,369.29998779296875,369.30999755859375,2872,0.0,0.0,ADI,1m
2026-04-17 14:08:00-04:00,369.3699951171875,369.8399963378906,369.3699951171875,369.5199890136719,8987,0.0,0.0,ADI,1m
2026-04-17 14:09:00-04:00,369.54998779296875,369.7200012207031,369.54998779296875,369.7200012207031,1185,0.0,0.0,ADI,1m
2026-04-17 14:10:00-04:00,369.7300109863281,369.7300109863281,369.5400085449219,369.5400085449219,8527,0.0,0.0,ADI,1m
2026-04-17 14:11:00-04:00,369.5400085449219,369.7449951171875,369.3900146484375,369.7049865722656,6709,0.0,0.0,ADI,1m
2026-04-17 14:12:00-04:00,369.7049865722656,369.739990234375,369.5299987792969,369.739990234375,4468,0.0,0.0,ADI,1m
2026-04-17 14:13:00-04:00,369.67498779296875,369.67999267578125,369.58270263671875,369.67999267578125,2427,0.0,0.0,ADI,1m
2026-04-17 14:14:00-04:00,369.67999267578125,369.67999267578125,369.3599853515625,369.4049987792969,8546,0.0,0.0,ADI,1m
2026-04-17 14:15:00-04:00,369.375,369.56500244140625,369.375,369.55999755859375,3638,0.0,0.0,ADI,1m
2026-04-17 14:16:00-04:00,369.55999755859375,369.56500244140625,369.55999755859375,369.56500244140625,2143,0.0,0.0,ADI,1m
2026-04-17 14:17:00-04:00,369.67999267578125,370.0350036621094,369.6499938964844,370.0350036621094,4493,0.0,0.0,ADI,1m
2026-04-17 14:18:00-04:00,370.05499267578125,370.19000244140625,369.79998779296875,369.79998779296875,7215,0.0,0.0,ADI,1m
2026-04-17 14:19:00-04:00,369.79998779296875,369.79998779296875,369.4849853515625,369.4849853515625,6407,0.0,0.0,ADI,1m
2026-04-17 14:20:00-04:00,369.45001220703125,369.5050048828125,369.260009765625,369.260009765625,4271,0.0,0.0,ADI,1m
2026-04-17 14:21:00-04:00,369.260009765625,369.260009765625,369.2449951171875,369.2449951171875,2553,0.0,0.0,ADI,1m
2026-04-17 14:22:00-04:00,369.2349853515625,369.6499938964844,369.1400146484375,369.625,7427,0.0,0.0,ADI,1m
2026-04-17 14:23:00-04:00,369.6700134277344,369.8598937988281,369.489990234375,369.7200012207031,10141,0.0,0.0,ADI,1m
2026-04-17 14:24:00-04:00,369.7149963378906,370.17999267578125,369.7149963378906,370.17999267578125,11557,0.0,0.0,ADI,1m
2026-04-17 14:25:00-04:00,370.2349853515625,370.44500732421875,370.2250061035156,370.3450012207031,8062,0.0,0.0,ADI,1m
2026-04-17 14:26:00-04:00,370.3450012207031,370.6650085449219,370.2200012207031,370.44500732421875,7505,0.0,0.0,ADI,1m
2026-04-17 14:27:00-04:00,370.4200134277344,370.4700012207031,370.1700134277344,370.1700134277344,2284,0.0,0.0,ADI,1m
2026-04-17 14:28:00-04:00,370.1499938964844,370.2149963378906,370.1400146484375,370.1549987792969,2858,0.0,0.0,ADI,1m
2026-04-17 14:29:00-04:00,370.1549987792969,370.1549987792969,369.9800109863281,370.1400146484375,3821,0.0,0.0,ADI,1m
2026-04-17 14:30:00-04:00,370.05999755859375,370.2699890136719,369.9700012207031,369.9700012207031,12042,0.0,0.0,ADI,1m
2026-04-17 14:31:00-04:00,369.9100036621094,369.9480895996094,369.760009765625,369.7900085449219,3951,0.0,0.0,ADI,1m
2026-04-17 14:32:00-04:00,369.92999267578125,370.0950012207031,369.92999267578125,369.9599914550781,4398,0.0,0.0,ADI,1m
2026-04-17 14:33:00-04:00,369.9800109863281,370.29998779296875,369.9800109863281,370.1700134277344,5942,0.0,0.0,ADI,1m
2026-04-17 14:34:00-04:00,370.32000732421875,370.32000732421875,370.2699890136719,370.32000732421875,3332,0.0,0.0,ADI,1m
2026-04-17 14:35:00-04:00,370.30999755859375,370.30999755859375,370.25,370.2699890136719,2622,0.0,0.0,ADI,1m
2026-04-17 14:36:00-04:00,370.30999755859375,370.3800048828125,370.2799987792969,370.2799987792969,141876,0.0,0.0,ADI,1m
2026-04-17 14:37:00-04:00,370.2449951171875,370.2449951171875,370.2449951171875,370.2449951171875,1537,0.0,0.0,ADI,1m
2026-04-17 14:38:00-04:00,370.32000732421875,370.3949890136719,370.2699890136719,370.2699890136719,5299,0.0,0.0,ADI,1m
2026-04-17 14:39:00-04:00,370.2799987792969,370.3900146484375,370.2799987792969,370.2900085449219,1895,0.0,0.0,ADI,1m
2026-04-17 14:40:00-04:00,370.2900085449219,370.2900085449219,370.2900085449219,370.2900085449219,1792,0.0,0.0,ADI,1m
2026-04-17 14:41:00-04:00,370.2900085449219,370.2900085449219,370.0,370.1099853515625,5227,0.0,0.0,ADI,1m
2026-04-17 14:42:00-04:00,370.1050109863281,370.1099853515625,369.70001220703125,369.7550048828125,6918,0.0,0.0,ADI,1m
2026-04-17 14:43:00-04:00,369.8299865722656,369.8299865722656,369.6499938964844,369.760009765625,4646,0.0,0.0,ADI,1m
2026-04-17 14:44:00-04:00,369.82000732421875,369.9049987792969,369.760009765625,369.8999938964844,4037,0.0,0.0,ADI,1m
2026-04-17 14:45:00-04:00,369.8900146484375,370.2099914550781,369.8900146484375,370.1050109863281,5867,0.0,0.0,ADI,1m
2026-04-17 14:46:00-04:00,370.0950012207031,370.2200012207031,370.0899963378906,370.2200012207031,4116,0.0,0.0,ADI,1m
2026-04-17 14:47:00-04:00,370.2699890136719,370.364990234375,370.1401062011719,370.19000244140625,5807,0.0,0.0,ADI,1m
2026-04-17 14:48:00-04:00,370.2099914550781,370.3599853515625,370.2099914550781,370.2099914550781,5745,0.0,0.0,ADI,1m
2026-04-17 14:49:00-04:00,370.3299865722656,370.3299865722656,370.19000244140625,370.19000244140625,6042,0.0,0.0,ADI,1m
2026-04-17 14:50:00-04:00,370.2550048828125,370.260009765625,370.2550048828125,370.260009765625,2858,0.0,0.0,ADI,1m
2026-04-17 14:51:00-04:00,370.260009765625,370.260009765625,370.260009765625,370.260009765625,2305,0.0,0.0,ADI,1m
2026-04-17 14:52:00-04:00,370.2250061035156,370.2250061035156,369.9200134277344,369.9200134277344,8334,0.0,0.0,ADI,1m
2026-04-17 14:53:00-04:00,369.9200134277344,369.9200134277344,369.760009765625,369.81500244140625,6872,0.0,0.0,ADI,1m
2026-04-17 14:54:00-04:00,369.8399963378906,369.8599853515625,369.6050109863281,369.69000244140625,8165,0.0,0.0,ADI,1m
2026-04-17 14:55:00-04:00,369.7300109863281,369.80999755859375,369.6700134277344,369.69000244140625,3758,0.0,0.0,ADI,1m
2026-04-17 14:56:00-04:00,369.75,369.81500244140625,369.6000061035156,369.6000061035156,4552,0.0,0.0,ADI,1m
2026-04-17 14:57:00-04:00,369.5249938964844,369.6600036621094,369.5249938964844,369.6300048828125,7624,0.0,0.0,ADI,1m
2026-04-17 14:58:00-04:00,369.4849853515625,369.739990234375,369.4849853515625,369.6600036621094,3039,0.0,0.0,ADI,1m
2026-04-17 14:59:00-04:00,369.739990234375,369.739990234375,369.5400085449219,369.5400085449219,7066,0.0,0.0,ADI,1m
2026-04-17 15:00:00-04:00,369.57501220703125,369.7900085449219,369.57501220703125,369.6449890136719,7860,0.0,0.0,ADI,1m
2026-04-17 15:01:00-04:00,369.6499938964844,369.7799987792969,369.57000732421875,369.7449951171875,6125,0.0,0.0,ADI,1m
2026-04-17 15:02:00-04:00,369.7699890136719,369.8599853515625,369.5799865722656,369.6600036621094,6762,0.0,0.0,ADI,1m
2026-04-17 15:03:00-04:00,369.6549987792969,369.7699890136719,369.57000732421875,369.7099914550781,6986,0.0,0.0,ADI,1m
2026-04-17 15:04:00-04:00,369.7149963378906,369.82000732421875,369.7149963378906,369.82000732421875,3196,0.0,0.0,ADI,1m
2026-04-17 15:05:00-04:00,369.7449951171875,369.7449951171875,369.5799865722656,369.5799865722656,6520,0.0,0.0,ADI,1m
2026-04-17 15:06:00-04:00,369.57000732421875,369.7900085449219,369.4599914550781,369.7900085449219,7379,0.0,0.0,ADI,1m
2026-04-17 15:07:00-04:00,369.95001220703125,369.95001220703125,369.7650146484375,369.7650146484375,5714,0.0,0.0,ADI,1m
2026-04-17 15:08:00-04:00,369.7250061035156,369.7900085449219,369.6300048828125,369.7900085449219,4926,0.0,0.0,ADI,1m
2026-04-17 15:09:00-04:00,369.7200012207031,369.7200012207031,369.6138000488281,369.6400146484375,7859,0.0,0.0,ADI,1m
2026-04-17 15:10:00-04:00,369.6499938964844,369.80999755859375,369.4599914550781,369.5350036621094,8311,0.0,0.0,ADI,1m
2026-04-17 15:11:00-04:00,369.25,369.25,369.25,369.25,1417,0.0,0.0,ADI,1m
2026-04-17 15:12:00-04:00,369.1600036621094,369.2699890136719,369.05999755859375,369.1700134277344,8796,0.0,0.0,ADI,1m
2026-04-17 15:13:00-04:00,369.260009765625,369.260009765625,369.07000732421875,369.17498779296875,4201,0.0,0.0,ADI,1m
2026-04-17 15:14:00-04:00,369.2900085449219,369.2900085449219,369.1700134277344,369.2799987792969,4379,0.0,0.0,ADI,1m
2026-04-17 15:15:00-04:00,369.29998779296875,369.29998779296875,369.05999755859375,369.20001220703125,13311,0.0,0.0,ADI,1m
2026-04-17 15:16:00-04:00,369.20001220703125,369.2300109863281,368.9800109863281,369.17999267578125,13767,0.0,0.0,ADI,1m
2026-04-17 15:17:00-04:00,369.17498779296875,369.17498779296875,368.9750061035156,368.9750061035156,4783,0.0,0.0,ADI,1m
2026-04-17 15:18:00-04:00,368.9849853515625,369.05999755859375,368.8299865722656,368.8399963378906,16413,0.0,0.0,ADI,1m
2026-04-17 15:19:00-04:00,368.7950134277344,368.7950134277344,368.29998779296875,368.456787109375,9868,0.0,0.0,ADI,1m
2026-04-17 15:20:00-04:00,368.489990234375,368.6700134277344,368.489990234375,368.6449890136719,8909,0.0,0.0,ADI,1m
2026-04-17 15:21:00-04:00,368.6499938964844,368.81988525390625,368.0,368.2799987792969,9860,0.0,0.0,ADI,1m
2026-04-17 15:22:00-04:00,368.2099914550781,368.2550048828125,368.2099914550781,368.2449951171875,3791,0.0,0.0,ADI,1m
2026-04-17 15:23:00-04:00,368.3800048828125,368.6400146484375,368.3699951171875,368.6400146484375,7671,0.0,0.0,ADI,1m
2026-04-17 15:24:00-04:00,368.5849914550781,368.6700134277344,368.5299987792969,368.6700134277344,7288,0.0,0.0,ADI,1m
2026-04-17 15:25:00-04:00,368.6050109863281,369.2799987792969,368.6050109863281,368.8500061035156,10921,0.0,0.0,ADI,1m
2026-04-17 15:26:00-04:00,368.80499267578125,368.9200134277344,368.79998779296875,368.80499267578125,4377,0.0,0.0,ADI,1m
2026-04-17 15:27:00-04:00,368.7950134277344,368.7950134277344,368.5799865722656,368.5799865722656,5102,0.0,0.0,ADI,1m
2026-04-17 15:28:00-04:00,368.6499938964844,368.67999267578125,368.3999938964844,368.42999267578125,7367,0.0,0.0,ADI,1m
2026-04-17 15:29:00-04:00,368.3800048828125,368.489990234375,368.3800048828125,368.489990234375,3860,0.0,0.0,ADI,1m
2026-04-17 15:30:00-04:00,368.5,368.7200012207031,368.19000244140625,368.30499267578125,16159,0.0,0.0,ADI,1m
2026-04-17 15:31:00-04:00,368.3550109863281,368.4599914550781,368.29998779296875,368.3550109863281,9436,0.0,0.0,ADI,1m
2026-04-17 15:32:00-04:00,368.375,368.6300048828125,368.3599853515625,368.6300048828125,9416,0.0,0.0,ADI,1m
2026-04-17 15:33:00-04:00,368.7300109863281,369.0799865722656,368.7300109863281,369.0,8293,0.0,0.0,ADI,1m
2026-04-17 15:34:00-04:00,369.0799865722656,369.0799865722656,368.9200134277344,369.07000732421875,5063,0.0,0.0,ADI,1m
2026-04-17 15:35:00-04:00,369.1700134277344,369.25,369.0799865722656,369.0799865722656,7276,0.0,0.0,ADI,1m
2026-04-17 15:36:00-04:00,369.0950012207031,369.0950012207031,368.8699951171875,368.94500732421875,5561,0.0,0.0,ADI,1m
2026-04-17 15:37:00-04:00,368.8699951171875,369.07501220703125,368.7550048828125,368.989990234375,10944,0.0,0.0,ADI,1m
2026-04-17 15:38:00-04:00,369.07000732421875,369.239990234375,369.0299987792969,369.1400146484375,7795,0.0,0.0,ADI,1m
2026-04-17 15:39:00-04:00,369.1449890136719,369.32000732421875,369.0400085449219,369.2900085449219,10715,0.0,0.0,ADI,1m
2026-04-17 15:40:00-04:00,369.2749938964844,369.4200134277344,369.1400146484375,369.3599853515625,7612,0.0,0.0,ADI,1m
2026-04-17 15:41:00-04:00,369.3999938964844,369.510009765625,369.30999755859375,369.30999755859375,17479,0.0,0.0,ADI,1m
2026-04-17 15:42:00-04:00,369.42999267578125,369.44000244140625,369.2699890136719,369.3299865722656,9187,0.0,0.0,ADI,1m
2026-04-17 15:43:00-04:00,369.42999267578125,369.9800109863281,369.42498779296875,369.79998779296875,19072,0.0,0.0,ADI,1m
2026-04-17 15:44:00-04:00,369.7799987792969,369.9200134277344,369.4649963378906,369.4649963378906,11476,0.0,0.0,ADI,1m
2026-04-17 15:45:00-04:00,369.5849914550781,369.5899963378906,369.1499938964844,369.1499938964844,11076,0.0,0.0,ADI,1m
2026-04-17 15:46:00-04:00,369.1199951171875,369.1600036621094,368.95001220703125,368.9649963378906,19639,0.0,0.0,ADI,1m
2026-04-17 15:47:00-04:00,368.9649963378906,368.9649963378906,368.7550048828125,368.79998779296875,9636,0.0,0.0,ADI,1m
2026-04-17 15:48:00-04:00,368.81500244140625,369.1099853515625,368.81500244140625,368.9649963378906,18317,0.0,0.0,ADI,1m
2026-04-17 15:49:00-04:00,368.9649963378906,369.05999755859375,368.8200988769531,369.0199890136719,23767,0.0,0.0,ADI,1m
2026-04-17 15:50:00-04:00,369.1499938964844,369.9999084472656,368.9949951171875,369.7900085449219,37157,0.0,0.0,ADI,1m
2026-04-17 15:51:00-04:00,369.658203125,370.3399963378906,369.6000061035156,370.32000732421875,24727,0.0,0.0,ADI,1m
2026-04-17 15:52:00-04:00,370.32000732421875,370.3399963378906,369.9200134277344,369.989990234375,35707,0.0,0.0,ADI,1m
2026-04-17 15:53:00-04:00,370.0299987792969,370.0799865722656,369.75,370.010009765625,28372,0.0,0.0,ADI,1m
2026-04-17 15:54:00-04:00,370.010009765625,371.2200012207031,369.93499755859375,371.0299987792969,46018,0.0,0.0,ADI,1m
2026-04-17 15:55:00-04:00,370.9800109863281,372.0,370.9649963378906,371.7799987792969,119589,0.0,0.0,ADI,1m
2026-04-17 15:56:00-04:00,371.7900085449219,372.2900085449219,371.6600036621094,371.7699890136719,98054,0.0,0.0,ADI,1m
2026-04-17 15:57:00-04:00,371.7799987792969,371.82000732421875,371.0299987792969,371.489990234375,136343,0.0,0.0,ADI,1m
2026-04-17 15:58:00-04:00,371.44000244140625,371.5400085449219,371.4100036621094,371.5,90512,0.0,0.0,ADI,1m
2026-04-17 15:59:00-04:00,371.5299987792969,371.6600036621094,371.3299865722656,371.510009765625,170420,0.0,0.0,ADI,1m
